241.39
649.68
389.57
772.23
691.97
460.57
455.85
951.08
853.2
357.56
927.19
695.43
921.9
126.59
404.03
623.8
200.22
663.07
34.38
308.54
935.54
991.31
508.46
925.41
608.66
403.13
667.02
51.47
985.01
806.92
471.18
280.74
352.46
94.13
12.59
78.69
480.5
646.9
789.37
217.0
122.71
833.58
27.68
179.07
371.71
567.84
230.1
817.79
150.78
572.35
976.9
414.01
990.49
577.68
162.02
54.77
537.28
118.05
626.84
999.01
555.17
808.43
1.16
941.67
864.02
573.97
249.91
495.16
804.1
872.51
183.45
475.8
438.14
176.01
567.61
216.68
29.97
247.45
475.94
564.17
152.44
251.25
809.23
365.28
156.4
567.7
112.1
717.19
331.33
252.26
948.32
137.99
749.81
785.66
667.38
557.71
943.73
38.26
708.8
225.02
872.35
780.65
611.7
607.68
373.13
724.68
202.17
710.19
268.49
621.3
28.98
961.28
770.66
353.93
699.49
691.04
573.79
703.37
167.59
586.28
230.11
488.83
678.47
586.98
702.71
563.5
123.25
398.52
595.13
607.59
594.17
664.19
880.5
644.03
978.43
363.63
726.95
909.09
319.92
431.0
254.67
7.16
517.58
883.93
984.32
695.21
661.36
142.53
344.32
202.72
829.93
716.45
469.51
606.75
627.28
457.73
176.13
8.0
721.66
826.49
682.25
786.09
80.46
866.76
313.06
945.4
455.47
464.73
17.94
57.05
340.41
242.33
459.83
803.51
394.04
530.22
949.99
476.99
64.58
492.88
8.06
295.74
857.0
194.83
638.63
826.7
800.68
298.02
74.87
255.39
339.74
105.26
969.0
806.32
793.9
342.74
593.25
496.08
383.13
342.89
762.83
880.88
866.51
939.43
573.65
100.7
889.81
148.95
924.34
718.56
710.07
251.28
147.09
929.45
302.75
909.01
973.5
490.6
598.45
188.43
101.7
230.24
219.69
963.75
252.42
62.47
379.32
169.68
380.44
637.78
964.68
8.3
499.55
843.56
837.42
988.55
910.95
540.9
817.36
249.4
774.95
240.12
361.39
96.59
812.91
327.1
656.06
67.02
449.33
611.02
486.17
638.93
383.26
657.77
657.23
713.11
490.63
995.52
186.12
26.11
264.93
459.87
650.96
316.75
386.5
789.98
899.85
640.58
516.78
131.7
40.58
296.55
319.88
217.91
21.6
802.07
932.87
651.89
433.74
307.11
678.32
48.31
95.72
364.6
542.73
327.23
884.73
549.4
173.03
923.28
44.89
529.71
497.68
656.81
194.8
410.34
801.02
939.87
324.6
828.86
574.48
5.9
190.49
208.95
56.07
497.5
62.22
175.66
23.63
270.43
718.36
467.18
721.26
957.42
241.76
75.36
86.15
269.11
790.44
126.89
165.86
461.1
270.24
271.65
306.71
548.46
350.32
710.74
714.56
902.14
360.57
104.06
153.79
113.89
573.84
915.1
442.44
843.47
540.88
534.34
887.08
426.99
494.67
16.1
388.23
340.03
784.62
575.26
630.6
567.09
448.32
300.84
442.89
533.13
680.4
569.88
18.79
749.78
949.73
182.23
883.8
793.68
277.57
272.26
669.05
921.14
5.39
876.63
884.02
976.86
914.43
811.15
265.92
346.25
324.43
551.94
366.21
736.57
64.02
61.14
573.37
804.38
801.59
308.33
245.78
663.64
714.88
605.12
318.38
400.55
475.02
646.33
368.54
990.86
898.65
620.43
702.19
256.23
289.39
887.99
414.37
508.97
719.64
495.42
846.03
283.94
588.85
363.26
13.33
818.96
20.26
947.17
908.87
287.17
299.68
258.98
385.83
743.83
412.79
288.87
988.16
182.73
597.16
2.19
472.57
433.3
927.12
973.6
888.23
703.45
154.83
111.01
976.94
6.83
354.14
525.48
467.49
509.86
601.47
589.79
630.26
662.88
233.05
988.08
950.32
822.99
605.65
951.16
831.45
150.44
81.64
890.58
723.07
768.81
412.73
176.73
354.13
363.86
178.33
272.95
506.16
48.03
702.62
775.52
619.7
522.37
742.1
605.48
839.75
330.71
28.48
769.71
101.97
19.27
437.32
607.52
497.34
179.77
106.03
672.07
904.91
431.82
461.49
245.02
706.25
38.78
226.08
206.82
939.02
983.93
471.6
161.43
540.74
155.89
671.65
512.01
129.58
786.38
911.46
153.0
5.41
449.28
415.64
319.22
818.42
755.85
342.17
534.77
751.48
592.02
739.9
255.35
79.59
376.37
244.41
156.02
42.3
737.49
41.64
835.59
689.12
589.48
526.41
684.91
354.13
706.52
790.98
875.61
911.58
36.64
971.91
821.52
288.92
515.04
840.73
23.14
462.68
175.71
474.78
296.39
193.49
494.57
119.14
605.13
40.82
998.02
242.74
341.1
476.8
741.55
409.25
456.09
874.9
136.91
407.8
581.66
971.93
94.97
681.44
810.9
312.8
225.57
82.0
351.24
465.39
70.1
821.52
649.31
92.9
400.65
2.15
394.13
958.75
105.13
793.12
256.39
649.68
763.39
361.53
222.7
26.22
224.62
935.3
172.71
28.01
353.85
142.78
529.82
273.55
604.46
542.91
371.09
67.95
962.36
727.99
20.54
886.21
507.04
90.0
841.51
209.86
334.27
910.6
207.25
364.51
658.0
180.86
562.6
207.56
17.4
351.93
895.21
762.71
106.56
732.08
819.54
700.62
314.76
628.12
132.45
925.71
279.79
66.74
500.93
625.71
556.41
55.6
885.92
789.46
142.01
934.68
397.55
900.81
842.7
461.44
167.49
203.57
299.24
692.52
3.05
506.18
108.83
773.01
261.54
576.07
708.55
886.01
385.48
382.78
236.36
891.42
573.99
629.53
210.63
116.48
775.94
902.96
87.42
689.0
652.52
986.24
653.26
603.48
995.87
549.63
286.69
241.14
488.67
654.18
528.13
856.91
963.22
435.13
884.34
959.57
321.92
205.59
50.84
148.66
243.12
644.14
813.33
292.2
939.26
261.51
1.7
267.92
472.21
162.97
57.31
486.12
819.85
403.75
794.95
422.82
958.82
250.2
845.79
448.39
772.76
360.68
635.33
29.61
253.96
785.05
439.85
638.76
493.91
943.81
882.65
386.08
422.63
776.42
125.29
756.62
891.39
121.04
8.12
318.21
447.81
52.37
406.62
479.98
739.55
489.99
225.12
120.74
488.26
600.32
987.25
359.06
291.85
564.93
573.69
409.62
909.42
826.8
817.93
288.99
6.58
924.82
826.56
382.22
975.64
892.17
192.33
869.83
580.66
802.71
166.63
660.48
845.83
921.36
775.44
202.62
924.99
656.16
528.45
439.76
438.23
424.73
384.0
919.72
182.45
82.74
509.21
808.86
606.66
799.2
615.03
173.66
701.63
180.55
690.98
677.71
13.4
778.83
907.36
689.96
451.09
603.58
962.35
533.01
866.83
237.49
713.32
143.69
319.03
151.24
277.42
847.24
41.97
685.01
522.95
536.11
504.35
510.82
239.09
357.32
70.24
159.85
337.16
285.38
776.94
106.59
771.68
381.63
690.33
806.89
918.09
777.52
523.61
936.34
516.59
853.08
513.8
913.84
946.56
525.88
515.32
651.73
337.27
281.22
954.49
537.61
817.16
213.58
639.26
42.9
296.17
488.67
108.25
358.59
554.8
319.43
374.23
15.22
327.14
349.95
347.27
769.32
651.36
940.45
615.07
254.98
289.19
555.22
73.22
986.09
238.96
548.22
408.24
988.95
913.7
723.88
359.02
77.27
314.51
143.0
72.35
691.71
927.42
844.64
635.79
510.35
655.52
681.39
336.04
807.82
179.38
136.73
814.26
69.72
316.93
506.8
475.39
569.57
161.05
96.54
105.27
746.61
436.65
783.52
660.47
248.0
321.81
896.9
729.37
128.9
920.39
400.76
975.43
862.54
722.06
518.64
272.82
403.07
431.11
140.5
689.26
438.01
698.98
62.16
997.6
192.69
819.48
544.56
86.51
377.81
464.67
810.17
741.13
548.83
274.67
823.7
881.61
140.52
815.87
300.48
378.0
362.58
411.62
925.94
381.2
248.14
86.78
453.02
958.87
61.7
615.36
289.21
987.89
669.52
35.67
988.59
180.42
692.99
969.99
218.92
265.8
30.77
845.19
707.22
983.71
732.66
640.18
758.34
287.94
465.63
874.42
171.53
288.26
187.74
913.72
582.62
438.55
589.3
799.11
620.47
220.14
954.68
154.38
141.39
26.38
573.3
366.75
658.85
278.53
555.04
52.87
897.46
732.96
621.92
394.88
437.02
399.47
390.98
72.13
999.91
170.12
477.92
980.14
717.57
645.67
994.51
881.19
355.91
107.47
909.39
413.71
980.16
56.41
900.58
633.31
634.24
39.66
521.48
816.12
903.5
833.53
970.75
806.39
224.71
859.69
354.81
718.11
129.67
219.78
375.1
924.14
286.27
42.79
437.63
141.07
717.65
386.88
11.43
416.18
642.15
684.81
382.6
511.09
55.89
247.92
378.33
881.19
96.55
236.42
828.84
557.5
234.8
760.77
717.93
219.19
838.32
526.08
193.92
926.42
98.37
90.88
690.8
386.17
540.98
6.95
522.73
809.55
110.68
487.07
525.17
984.99
521.17
585.55
488.49
786.13
454.28
115.8
155.92
700.73
707.44
425.22
559.63
844.42
98.74
284.98
936.08
510.35
987.95
742.49
341.19
451.04
583.71
350.82
587.73
535.63
597.24
70.32
160.97
976.82
80.77
464.7
535.75
853.21
141.54
972.68
277.01
721.49
651.92
496.83
566.32
621.09
232.15
728.12
320.29
283.68
14.65
183.5
933.5
107.06
246.34
444.52
169.2
26.27
100.14
787.7
653.39
459.34
877.87
768.08
704.74
577.26
187.42
14.85
993.09
454.89
63.55
942.65
704.18
764.46
390.78
84.6
529.75
294.86
922.46
134.21
171.26
410.18
445.77
869.69
623.99
822.78
405.65
209.66
265.67
839.74
477.9
571.31
87.98
562.54
700.19
12.1
452.6
511.11
171.61
792.76
451.19
152.94
36.03
717.91
370.91
155.47
812.38
730.83
292.73
121.27
971.79
381.95
528.08
487.09
613.76
854.08
202.98
491.43
123.19
183.26
533.08
158.74
219.44
426.18
734.24
348.18
316.32
872.35
393.17
55.54
214.35
744.54
403.76
590.69
118.45
954.08
546.44
476.84
912.82
837.15
906.67
119.88
83.74
222.95
490.02
618.74
7.15
768.79
80.32
515.17
389.5
608.43
323.78
481.17
886.48
468.13
275.17
500.63
573.41
186.22
693.3
839.84
514.47
144.95
517.45
295.33
474.32
188.55
309.61
214.89
654.62
980.18
574.66
159.96
150.87
953.97
380.59
166.64
589.54
505.78
949.83
419.13
388.8
472.8
194.37
307.53
778.82
746.22
15.35
985.51
683.51
140.03
884.84
423.01
245.83
250.94
138.15
279.38
565.34
242.48
262.74
93.91
665.83
758.38
725.03
751.41
159.79
825.78
704.37
98.23
803.48
231.95
315.24
603.78
434.92
21.54
941.14
860.25
491.64
803.07
732.88
455.26
112.55
730.65
850.71
492.93
592.02
872.66
214.93
252.55
240.57
862.39
456.3
539.87
326.99
754.75
801.92
444.72
814.86
20.63
916.76
186.16
814.51
396.56
297.61
12.76
556.5
281.28
239.98
864.91
369.19
356.31
882.95
210.8
933.79
174.54
677.16
913.13
206.19
778.92
398.04
872.72
923.75
596.76
145.37
89.36
62.13
731.57
964.34
706.32
81.88
277.63
40.72
452.51
280.94
109.68
619.47
456.62
687.48
782.3
994.12
477.03
894.24
63.5
147.56
199.66
671.35
292.24
839.23
404.06
577.25
757.53
545.69
954.03
259.41
649.02
787.28
694.35
898.99
973.27
106.44
271.22
253.94
908.62
706.06
820.0
470.92
264.75
128.59
568.57
374.01
119.27
444.32
320.15
726.69
738.72
998.3
499.97
208.52
842.29
642.73
877.35
647.03
143.16
189.95
733.57
56.18
259.95
387.67
75.41
385.65
442.08
149.65
596.37
558.88
396.8
275.87
634.32
192.79
632.8
156.08
165.2
156.95
16.65
822.34
234.41
732.67
962.03
36.33
922.86
369.39
404.41
852.93
970.29
180.68
156.49
883.82
216.85
911.12
662.99
741.37
536.38
213.15
663.22
643.06
349.09
350.12
866.53
407.14
822.33
28.13
544.94
838.85
919.13
539.03
123.49
46.52
750.77
160.62
860.34
521.9
565.99
372.72
936.53
95.49
150.66
995.64
904.6
421.45
639.4
735.6
305.8
377.03
108.34
593.87
155.94
820.45
564.18
761.77
100.13
769.39
677.89
525.43
486.14
40.88
596.39
878.21
981.73
777.43
656.45
765.86
27.37
499.05
364.47
387.98
44.81
676.83
696.37
448.41
850.3
859.43
873.26
794.03
502.57
358.08
675.86
909.43
406.0
99.08
207.57
758.07
433.03
293.42
510.1
423.13
519.92
461.43
824.15
136.86
283.63
106.12
715.66
916.18
541.39
557.28
434.17
73.06
944.86
306.85
93.64
461.56
356.37
821.42
5.72
438.86
198.88
752.86
795.24
480.85
370.4
511.48
388.53
593.51
837.47
365.59
794.78
929.3
280.71
368.48
927.65
680.36
60.17
923.02
983.84
580.28
235.7
651.29
607.57
378.66
85.16
662.1
299.73
590.54
315.17
963.99
154.94
607.33
573.34
933.66
188.97
159.83
133.17
862.44
797.11
711.09
696.72
496.66
163.52
640.37
655.54
163.2
979.4
110.88
469.41
896.62
863.74
639.97
225.74
904.13
735.91
392.17
213.93
482.74
991.49
207.49
702.77
873.87
531.8
40.54
570.32
740.57
256.36
384.34
34.89
424.58
997.24
564.66
815.21
227.41
125.2
934.41
568.71
463.93
975.63
417.52
274.49
94.73
110.71
825.12
301.81
580.75
424.56
170.8
842.58
842.07
543.45
819.8
257.34
892.16
422.66
950.58
678.42
836.99
715.73
33.44
289.1
802.15
545.79
323.76
69.3
636.09
110.28
124.1
618.21
637.98
339.62
720.77
827.38
721.65
164.38
459.19
752.9
358.18
348.85
167.82
912.79
657.01
923.23
850.59
579.27
68.78
234.03
781.64
539.06
393.27
836.93
589.34
941.62
927.45
714.05
997.44
853.36
662.62
251.99
1.52
821.67
6.91
343.05
449.8
316.33
896.84
467.4
481.72
811.51
16.96
575.58
45.61
4.67
618.83
93.35
92.81
500.13
107.15
710.67
545.65
534.16
556.39
638.65
42.95
198.15
775.23
718.18
726.97
423.92
445.82
514.98
942.96
334.7
787.84
164.72
360.77
825.17
570.45
975.72
469.72
562.71
596.59
933.04
378.38
455.04
991.87
191.83
932.58
696.34
520.87
896.43
797.99
969.24
834.81
585.11
345.64
297.69
739.05
443.22
683.81
940.1
129.55
395.29
918.69
767.12
285.0
908.09
647.9
52.75
770.67
994.49
687.31
165.52
905.91
99.95
662.0
429.3
918.21
741.54
472.47
28.56
801.48
865.57
198.53
816.81
69.65
418.62
613.38
928.78
959.55
337.88
109.78
629.95
283.69
812.62
544.02
497.96
344.86
450.04
54.19
214.89
341.07
707.78
838.35
810.93
991.21
15.86
952.31
348.48
517.12
151.14
109.78
881.78
413.86
578.12
665.97
390.34
974.65
185.18
624.77
633.34
539.02
923.54
408.54
248.55
487.34
770.36
824.58
716.67
928.66
278.95
538.54
711.72
497.64
333.16
492.02
450.32
813.18
422.31
778.92
723.75
19.83
856.13
331.56
458.91
544.56
946.38
294.92
649.6
966.92
763.06
945.62
800.88
403.47
196.92
494.83
237.38
457.45
438.25
239.63
272.36
539.98
224.83
785.19
23.65
589.43
357.8
604.61
862.42
482.91
527.95
90.64
154.84
311.85
383.41
262.0
853.51
990.46
501.15
570.24
664.01
461.54
758.17
518.0
961.92
246.79
598.31
469.21
508.88
389.34
286.08
258.46
574.11
294.7
678.8
581.66
84.22
739.54
129.66
968.64
107.41
869.94
545.5
152.17
355.99
459.06
858.9
102.48
233.23
561.11
945.32
137.53
495.62
428.14
412.83
179.95
951.95
461.18
792.87
149.7
980.92
976.87
655.89
261.34
212.27
242.62
834.22
789.51
243.82
823.17
111.89
35.59
549.08
33.04
488.91
387.01
318.09
179.05
238.31
982.69
588.54
327.02
708.59
393.03
851.82
523.29
298.08
871.31
825.85
691.06
693.7
406.81
925.76
169.03
12.19
603.08
384.01
455.08
97.69
950.42
695.85
724.22
776.77
187.85
923.7
855.47
344.12
628.89
153.98
49.33
504.8
208.55
613.34
37.47
178.99
385.09
685.74
89.08
541.34
764.4
701.96
861.59
183.44
185.32
509.83
994.07
78.89
75.75
339.14
296.86
19.13
467.26
880.57
599.83
692.24
784.78
971.49
741.09
264.62
643.79
790.14
930.38
205.76
826.11
685.48
106.36
148.67
681.91
713.35
172.01
589.52
809.57
457.62
680.35
186.19
354.69
22.61
544.31
477.12
165.16
461.72
559.77
666.89
995.36
679.47
803.86
629.52
630.04
567.43
647.61
101.17
184.75
230.98
416.97
395.43
542.51
167.46
478.78
125.04
889.04
631.92
111.56
393.35
277.91
75.85
891.98
308.83
535.09
565.73
244.32
40.92
441.08
890.88
800.63
149.82
688.8
633.45
769.2
208.11
8.23
424.78
219.34
735.09
516.85
695.26
4.25
479.86
576.35
655.36
790.72
999.41
266.73
801.04
903.27
330.16
3.96
850.64
417.31
519.52
739.2
824.63
539.33
973.05
631.19
621.33
488.36
967.38
980.09
92.51
703.53
219.71
849.31
66.27
609.77
649.71
893.38
639.4
325.0
40.07
4.09
790.0
433.12
225.66
552.58
209.1
448.4
490.56
17.43
878.71
358.81
686.9
355.39
990.12
910.75
267.83
815.08
833.93
545.19
998.89
197.57
625.39
275.81
354.96
257.31
834.56
771.19
783.48
205.63
529.04
394.17
937.12
811.81
23.1
161.93
648.32
28.98
159.69
563.46
105.07
20.07
998.28
952.14
568.26
450.39
412.31
265.53
591.41
45.18
566.07
614.81
247.53
227.64
86.77
50.41
238.53
343.72
445.0
747.18
70.46
366.91
134.32
937.19
954.1
68.49
72.45
17.55
656.77
1.57
359.29
589.5
117.92
19.46
918.62
307.19
417.78
388.5
988.02
36.51
322.65
423.72
537.67
218.52
745.16
835.01
997.3
677.62
637.87
998.33
549.6
583.78
788.05
668.27
966.1
750.81
735.77
981.16
236.23
367.71
475.21
931.92
977.3
835.87
981.26
763.68
474.51
973.49
19.32
90.09
489.59
353.24
668.06
999.96
69.18
487.66
418.85
107.78
562.06
349.9
720.32
231.38
659.93
25.55
237.64
801.03
931.2
558.67
89.41
796.78
802.76
565.91
189.6
859.82
465.68
921.1
602.68
290.39
438.92
793.33
11.7
53.71
929.95
243.49
740.36
863.46
244.79
435.71
72.9
589.97
481.81
630.18
329.42
946.58
376.36
436.32
680.99
396.29
258.25
372.84
933.83
192.21
848.88
925.85
475.96
805.44
746.95
220.17
879.42
633.33
425.26
574.91
862.21
236.6
824.23
716.55
712.73
232.85
621.61
537.09
670.97
598.28
896.49
164.95
434.02
375.29
995.62
929.48
608.45
87.96
59.95
770.44
110.8
457.71
605.69
756.8
758.3
671.07
425.44
445.78
891.81
405.16
992.24
211.71
743.43
188.72
416.36
548.08
165.51
441.49
495.09
620.16
7.33
486.75
42.95
924.79
483.96
484.72
544.54
680.83
115.9
688.78
490.56
766.11
681.37
403.19
748.6
662.67
757.46
82.76
341.84
135.53
895.06
277.02
829.43
97.05
914.28
287.31
490.07
989.86
201.55
189.18
557.65
501.86
347.48
9.2
982.79
22.42
991.28
175.75
139.62
671.94
484.93
817.61
754.34
13.57
375.43
393.1
342.68
604.7
409.43
433.02
333.3
142.45
15.12
847.48
751.8
296.42
139.48
667.32
552.02
233.18
548.93
617.39
921.72
22.73
212.88
749.81
529.54
353.86
747.19
687.55
707.34
542.48
217.71
161.7
709.64
139.5
139.58
686.22
310.44
529.86
586.18
741.36
62.53
298.33
658.69
270.14
928.97
289.63
962.62
115.63
983.93
60.45
631.52
717.45
224.81
636.13
206.82
281.74
87.72
579.83
972.23
774.8
985.81
683.01
14.72
503.27
658.66
897.52
691.39
892.15
125.87
757.6
706.13
723.34
877.65
865.32
387.61
577.35
174.6
593.32
157.93
24.54
903.08
395.28
465.2
291.42
298.99
38.38
480.19
667.15
43.65
557.73
214.69
590.43
222.08
143.87
782.35
21.46
692.62
370.98
81.26
124.96
151.42
143.17
627.69
775.43
239.7
184.12
305.4
501.66
30.63
761.66
66.68
424.8
197.35
588.2
159.08
526.4
2.29
549.91
922.97
459.83
975.55
301.96
733.4
221.89
443.65
361.11
127.67
930.69
368.26
380.16
393.67
75.79
937.22
957.7
331.0
200.34
265.99
633.39
143.75
598.17
714.86
298.73
84.58
394.41
174.34
99.71
708.87
443.76
133.3
768.41
421.15
97.05
602.79
651.17
554.21
820.21
204.0
693.33
636.83
716.91
787.73
288.01
963.45
400.05
596.08
431.63
311.58
62.81
413.34
241.15
582.44
676.63
347.48
467.03
836.19
393.94
707.38
572.09
855.31
877.03
352.05
904.07
68.78
978.59
191.38
188.44
869.83
357.8
688.11
980.08
856.11
103.34
244.09
592.97
824.84
351.41
481.32
237.89
88.2
225.9
968.17
923.11
997.15
700.81
887.6
891.35
502.48
31.28
905.74
692.22
815.52
374.53
671.35
172.28
223.24
889.1
236.82
731.88
731.45
742.87
536.03
393.29
919.8
87.71
71.84
915.33
347.18
315.48
805.34
518.09
954.75
493.78
601.6
656.68
4.76
686.06
768.72
220.65
134.33
459.88
606.77
325.78
457.35
41.28
85.44
817.08
519.41
693.54
334.63
214.73
426.57
80.66
160.62
86.33
946.43
146.9
963.1
771.75
785.09
714.11
916.66
150.35
659.69
416.04
581.99
765.87
638.24
12.76
879.97
535.34
219.9
87.74
166.44
866.89
256.62
598.91
503.15
533.93
639.04
697.42
615.85
497.22
222.58
999.32
783.71
452.83
539.99
774.21
957.99
579.91
319.68
660.84
879.27
439.87
329.49
295.32
508.97
54.94
782.97
221.27
600.5
616.69
927.59
87.73
27.76
128.16
570.3
526.18
870.96
567.27
555.56
33.31
914.96
519.7
353.18
71.53
900.05
849.13
631.73
295.72
239.5
915.96
955.72
113.09
520.27
866.19
509.02
430.4
991.62
421.94
398.45
997.07
349.2
390.91
528.04
719.44
268.37
65.88
420.95
607.11
958.42
787.59
537.0
432.83
80.2
123.99
265.73
4.6
971.44
359.05
454.93
580.24
127.75
376.26
327.13
694.16
558.58
235.95
931.36
157.28
556.71
242.43
541.61
203.62
366.23
259.76
466.85
929.51
547.42
64.05
764.19
815.94
348.61
93.19
960.45
484.45
103.99
313.04
484.67
603.53
998.07
510.33
679.01
15.05
944.85
954.2
542.65
214.21
976.68
194.43
916.16
444.8
208.46
723.87
768.46
671.74
265.68
623.16
395.31
748.01
773.94
84.28
208.23
30.41
523.02
623.27
805.95
900.8
760.68
926.05
273.04
101.62
621.62
105.92
395.29
507.86
136.88
498.13
117.86
338.32
324.68
63.51
334.34
187.77
986.13
334.72
228.41
139.21
383.59
325.65
728.99
317.18
307.53
346.53
9.38
814.5
225.38
816.23
57.93
525.73
860.99
753.41
957.49
677.41
291.48
900.06
804.14
902.87
360.4
458.66
284.84
441.21
532.17
172.31
926.03
135.09
127.19
212.58
988.1
963.78
74.53
705.69
120.34
237.46
862.6
285.09
592.89
401.37
822.88
804.72
812.26
808.88
445.42
488.62
545.54
889.32
551.83
617.81
863.33
905.95
219.5
622.52
771.17
127.56
604.96
997.94
401.41
391.15
232.05
486.12
798.6
374.34
80.59
867.95
549.15
15.36
316.38
264.94
701.36
484.62
68.74
340.47
384.65
851.44
690.56
903.42
131.13
716.31
85.29
680.59
477.56
474.22
584.33
194.42
345.26
633.24
476.99
527.46
491.52
571.87
874.46
663.4
676.94
105.48
882.36
548.59
20.76
358.09
736.2
167.52
866.61
545.9
697.25
75.07
336.5
111.53
563.98
316.03
516.33
554.27
390.4
989.54
748.19
144.17
768.2
326.2
200.03
957.16
390.92
701.26
449.39
641.67
683.54
956.58
406.25
124.04
952.14
349.32
36.56
835.31
900.5
722.38
264.71
308.18
458.28
670.6
236.84
982.39
615.74
823.22
202.51
268.57
987.65
287.63
547.46
680.28
620.14
750.02
999.03
419.38
846.29
906.3
520.47
658.17
53.31
855.58
899.58
546.94
860.65
124.05
153.13
125.53
21.2
716.98
142.47
965.89
245.47
367.93
974.84
633.21
426.16
525.58
929.94
691.64
348.21
554.86
955.88
152.42
148.17
498.73
509.35
819.91
114.56
57.77
151.95
38.97
965.29
477.44
833.89
581.27
311.32
58.15
832.08
965.21
663.05
969.15
993.42
946.29
29.22
834.66
635.04
530.34
243.62
108.34
935.35
313.4
298.58
38.03
876.75
518.91
140.59
931.63
279.12
862.74
426.43
898.02
685.71
565.14
553.43
126.31
523.85
85.82
315.36
93.87
665.06
712.63
413.04
192.37
885.21
885.84
123.96
486.68
211.94
296.45
908.16
552.82
32.71
608.77
781.05
500.36
330.93
526.4
369.54
411.06
961.2
544.02
581.33
165.59
949.37
158.0
720.05
397.78
849.47
952.28
53.57
961.63
842.22
926.68
27.98
214.13
523.31
225.55
133.49
993.41
893.69
524.59
359.51
200.06
66.65
470.94
965.9
914.08
785.81
375.62
308.23
355.64
209.4
989.5
12.2
124.83
363.07
428.51
334.81
867.25
673.18
260.36
216.43
688.78
527.18
616.19
212.6
761.19
674.04
807.6
425.58
499.29
35.85
709.48
69.33
825.41
750.0
739.74
797.52
294.4
375.92
886.5
673.19
816.45
496.21
959.29
429.01
145.84
889.76
686.43
929.08
321.77
182.47
861.56
78.1
164.08
935.48
865.09
847.81
254.35
670.89
305.2
748.09
616.03
496.99
978.41
429.14
287.69
572.77
350.5
574.05
131.35
520.11
353.91
783.26
742.01
435.34
559.48
943.8
977.75
982.91
375.49
97.54
172.19
555.45
389.35
547.25
115.88
258.64
425.42
18.91
299.13
71.53
928.14
274.99
338.37
238.33
401.95
498.09
944.29
122.54
610.38
713.91
795.5
658.97
933.25
162.33
849.86
25.86
302.99
821.94
176.22
133.95
85.21
422.43
855.83
189.71
709.29
297.76
29.29
840.43
917.54
615.83
647.26
605.11
625.63
237.44
828.47
73.62
171.52
106.71
80.71
232.41
40.55
960.34
656.83
613.19
881.79
781.21
32.87
700.13
655.29
666.8
51.97
970.99
23.8
48.15
614.73
28.29
223.49
173.23
823.34
849.36
184.17
108.1
49.02
202.23
831.96
492.57
661.65
924.38
562.1
79.33
797.17
962.29
611.81
862.78
462.52
153.06
83.27
369.54
929.93
726.51
420.77
822.13
900.51
32.86
256.38
705.54
270.72
308.33
671.82
28.63
529.98
594.58
251.16
239.85
41.06
767.07
659.61
683.58
149.81
592.8
973.74
224.29
31.1
589.46
761.76
400.9
96.01
604.83
664.44
784.75
748.26
948.0
291.98
40.85
139.37
535.48
252.08
782.27
386.61
966.32
22.26
422.49
898.91
717.24
404.76
944.07
628.14
122.1
911.38
516.72
275.11
522.28
399.4
905.29
270.45
105.53
890.82
948.79
745.79
558.23
428.17
477.12
653.42
937.41
226.31
887.32
989.13
510.11
550.11
253.3
184.63
693.5
623.44
247.76
701.19
164.02
307.69
519.25
778.25
761.24
701.86
708.93
951.86
265.74
609.16
51.93
226.78
566.16
599.94
37.17
284.12
711.47
103.73
353.39
76.7
759.07
634.83
502.94
712.99
840.69
995.31
594.04
491.87
232.71
31.17
149.75
274.17
867.89
956.94
37.42
990.14
549.14
834.51
32.72
746.2
498.14
154.22
654.46
582.94
89.09
777.31
229.08
448.68
326.99
344.31
805.68
899.15
539.53
265.04
709.08
596.09
979.54
108.97
526.77
208.78
464.51
432.42
19.27
762.34
623.9
206.8
736.12
451.26
279.62
164.22
898.6
783.88
571.23
178.87
947.94
576.75
387.93
880.87
294.74
91.8
980.48
412.18
438.07
758.95
281.4
850.63
319.01
716.07
554.89
486.94
455.67
761.84
82.85
55.58
325.27
159.44
879.19
690.47
301.99
261.38
817.21
293.3
354.39
769.22
895.22
192.68
450.0
426.34
14.64
240.08
909.65
224.8
817.86
94.56
219.36
398.01
650.72
157.65
419.14
144.95
907.68
360.47
38.8
508.61
950.96
263.61
157.92
675.72
378.27
867.86
76.17
476.3
378.77
211.37
764.58
569.52
808.08
88.71
714.2
404.76
494.47
713.54
678.79
793.38
267.4
849.75
839.16
954.4
415.89
416.59
353.24
787.43
207.92
778.98
286.42
41.62
592.84
324.14
578.45
200.45
159.37
819.24
282.86
39.8
525.9
772.92
387.39
409.46
931.65
342.62
908.02
975.41
758.48
323.65
143.19
216.29
671.37
331.0
916.37
255.46
993.61
295.58
48.7
158.66
694.33
215.56
61.75
93.48
513.87
852.94
776.6
305.73
103.28
516.89
822.58
295.5
110.24
549.34
70.19
445.47
568.55
477.03
947.94
853.95
913.86
407.11
957.25
497.69
78.27
571.53
765.18
929.32
126.5
184.69
482.35
564.09
760.22
897.32
65.56
398.03
138.24
823.2
405.95
812.71
909.57
634.29
135.71
53.6
3.85
91.22
137.39
392.81
529.89
102.66
127.74
74.31
721.8
687.93
129.46
612.22
289.24
8.9
602.88
744.79
204.11
161.77
535.8
257.98
55.75
756.36
996.18
204.84
597.16
26.95
26.36
307.58
444.95
606.03
203.78
543.28
223.76
480.83
104.57
794.51
188.24
454.48
123.33
945.12
527.85
276.97
362.87
796.45
917.07
636.67
901.62
679.54
54.97
714.05
78.3
31.97
114.9
347.3
682.31
454.67
800.36
163.13
851.71
936.6
96.46
495.16
611.05
870.08
615.8
429.34
27.45
284.55
203.14
96.34
119.6
355.76
436.91
346.71
230.21
273.75
953.2
453.88
370.88
834.52
183.07
519.23
279.83
649.85
253.38
222.72
606.01
989.27
898.02
228.58
105.89
478.86
258.66
863.87
930.27
401.69
59.51
838.73
320.64
183.15
496.26
267.62
418.0
441.52
211.69
519.11
261.01
972.96
775.28
911.33
248.55
829.49
510.79
118.69
501.13
132.8
739.71
565.57
579.67
74.29
954.75
41.19
117.44
720.39
175.99
383.67
374.45
973.71
789.02
923.25
656.26
94.45
328.1
694.46
673.21
219.12
852.5
328.49
436.9
315.69
378.75
296.09
372.52
485.38
154.6
64.32
246.3
937.82
679.82
362.15
935.9
941.21
359.41
366.76
692.37
521.59
9.0
632.6
701.26
531.48
572.51
285.36
285.82
775.63
727.33
999.76
965.72
721.71
268.86
55.61
919.63
451.63
767.39
311.0
797.52
189.99
354.67
874.25
728.19
858.38
271.07
358.42
314.05
929.28
791.02
363.4
763.36
912.91
237.66
575.56
168.07
19.89
88.97
624.13
69.76
84.31
965.94
974.49
235.47
632.38
465.46
24.05
425.03
346.6
952.39
199.07
239.58
442.88
226.38
128.06
79.98
605.38
998.16
741.68
42.44
314.84
854.66
235.96
536.45
83.6
51.48
883.0
222.64
815.02
209.84
454.43
270.58
653.78
241.11
151.98
825.64
470.74
148.35
296.16
910.99
763.6
366.41
590.35
468.17
424.89
3.7
472.12
925.22
394.58
637.96
672.06
858.94
833.53
466.26
219.17
298.66
990.57
283.58
658.45
647.69
790.99
379.43
72.6
866.44
463.89
253.3
780.65
435.05
403.22
623.28
578.61
592.86
469.55
391.73
325.45
272.48
550.12
894.12
7.13
258.53
347.68
971.95
378.6
4.6
900.62
312.04
199.91
234.41
362.43
607.12
725.42
852.81
65.24
913.08
864.63
455.83
6.4
118.27
437.55
56.69
797.42
900.59
874.6
816.36
490.14
176.14
891.73
641.22
498.74
964.09
820.09
975.52
696.8
187.69
407.54
104.41
399.99
622.4
261.31
812.59
350.25
848.22
395.41
399.37
342.82
284.0
989.44
450.69
498.95
106.2
269.16
330.51
64.31
673.09
747.63
223.29
36.22
646.52
589.53
461.07
211.39
446.85
90.42
105.49
928.14
176.93
194.56
786.61
282.64
568.97
215.5
402.62
516.28
252.26
160.8
387.62
677.78
287.22
497.89
643.63
398.84
811.16
728.07
85.05
929.66
886.15
590.47
944.78
872.24
996.22
306.52
632.47
70.86
306.02
779.75
428.1
134.46
344.06
963.78
451.12
50.06
570.97
537.79
155.5
283.41
259.4
500.21
569.73
535.66
534.43
533.95
428.08
46.04
914.93
457.13
919.75
34.05
212.27
604.79
591.41
572.68
143.12
266.18
749.88
210.48
810.93
17.39
848.83
381.96
973.34
218.11
435.2
349.38
526.53
551.79
653.44
49.34
357.92
892.19
98.23
956.41
631.93
200.51
433.15
575.26
727.1
513.93
821.68
564.31
924.21
670.37
131.83
309.21
588.08
353.73
36.33
321.14
921.86
740.58
891.86
988.7
528.18
634.26
938.0
809.84
607.92
818.42
862.58
813.17
388.81
147.51
293.69
181.66
529.98
131.9
99.26
950.22
653.07
83.87
810.36
994.12
398.6
236.33
292.68
917.95
869.16
807.83
357.73
123.99
859.24
630.97
96.03
681.99
399.49
276.5
492.72
754.31
32.9
966.86
34.36
868.74
107.9
774.82
981.79
342.22
802.3
578.35
336.45
743.66
770.42
70.41
129.05
699.6
79.61
246.83
826.46
818.89
727.4
41.96
379.27
52.7
411.68
938.5
45.79
441.19
378.58
241.76
756.35
40.83
455.49
110.85
91.24
126.38
670.45
892.28
495.7
525.24
660.38
444.91
335.36
933.71
838.52
814.74
118.54
955.3
154.33
796.35
635.42
783.94
918.84
752.99
996.79
666.32
702.74
977.45
360.04
127.05
809.59
228.33
624.92
645.8
748.19
90.15
852.73
450.95
788.37
404.57
895.6
839.92
277.82
337.88
819.28
925.63
397.02
684.6
956.29
697.12
690.63
517.38
505.93
552.73
471.66
289.59
432.78
822.11
559.56
629.71
977.08
974.2
291.71
596.38
778.9
934.06
530.15
224.0
428.75
118.17
964.68
210.6
6.86
772.64
633.27
73.54
658.81
578.98
249.35
972.05
329.08
203.14
428.09
604.65
89.95
450.53
783.26
256.09
436.82
704.67
301.23
809.94
431.29
818.94
10.73
936.34
932.77
147.11
357.96
506.57
795.16
461.68
850.96
783.15
973.73
709.93
926.13
794.62
677.32
684.38
989.95
252.9
635.74
798.16
38.4
704.08
655.26
880.94
963.21
437.15
935.84
669.21
161.7
142.02
903.82
406.35
727.34
895.26
121.01
749.11
717.37
313.12
329.7
675.41
203.29
213.55
585.13
170.79
581.17
152.56
530.73
905.55
131.31
580.97
667.89
567.39
743.58
526.92
933.83
372.27
555.18
845.55
583.11
902.03
639.65
642.84
250.91
703.22
896.16
718.08
171.78
11.56
703.04
666.84
158.23
853.63
206.46
848.09
984.2
399.54
38.79
195.95
508.16
560.94
838.6
249.06
398.27
985.11
220.0
86.3
555.79
888.92
907.67
492.17
209.29
424.21
422.3
32.04
294.71
190.99
67.36
205.98
267.71
690.77
830.15
381.11
370.1
665.15
530.69
236.29
262.2
15.71
384.65
779.22
380.11
697.62
171.98
249.85
350.52
868.96
667.04
183.04
126.66
654.78
610.61
589.23
756.83
10.13
77.76
86.39
146.27
743.1
849.86
603.94
441.74
224.13
428.1
964.85
538.76
21.46
424.27
852.99
316.68
491.34
347.65
392.54
862.2
978.65
979.76
339.16
905.19
87.9
687.63
34.56
223.52
423.03
478.59
963.38
109.09
112.68
746.69
689.89
441.04
941.88
433.32
54.53
718.88
756.21
211.67
783.27
121.09
690.69
636.08
106.42
188.62
841.22
815.64
596.87
160.28
165.05
467.67
248.15
679.58
338.43
768.78
499.63
282.4
302.01
153.29
225.49
738.28
36.95
511.73
639.82
312.03
217.24
592.24
677.37
214.39
914.11
892.83
361.77
522.26
766.6
202.39
196.74
901.05
828.66
830.67
288.91
306.5
960.05
87.72
267.86
272.84
611.75
207.92
777.42
651.67
915.35
690.29
183.64
710.23
544.4
101.64
124.47
79.04
912.62
702.49
593.9
195.63
517.79
555.72
470.65
503.35
972.77
243.46
107.71
515.92
911.1
55.0
118.31
283.33
910.85
83.23
926.03
720.27
499.69
138.32
410.69
757.37
322.67
888.58
402.81
923.42
573.27
314.84
758.0
211.49
643.93
124.55
404.28
883.03
888.86
262.04
975.6
250.69
182.67
618.94
152.91
815.98
577.86
808.6
922.46
16.64
611.8
930.58
623.45
859.95
630.73
786.13
470.43
367.5
471.33
709.72
165.82
630.51
409.65
112.32
272.32
494.74
241.9
922.07
15.92
962.61
122.39
931.64
873.27
349.76
848.95
622.05
46.6
621.45
299.25
386.92
918.02
599.49
39.04
125.78
826.29
261.73
529.33
981.17
199.96
313.66
519.66
548.26
563.85
932.68
598.55
235.13
315.48
311.55
113.64
495.55
266.84
819.71
2.95
191.84
789.45
528.27
801.73
823.36
665.05
758.96
77.8
257.9
937.26
217.37
272.13
744.02
398.08
49.98
743.39
307.9
466.47
4.34
226.48
965.11
696.78
620.48
407.18
652.85
275.41
992.6
199.66
534.1
662.03
297.79
803.89
715.76
654.71
64.34
172.33
790.83
467.38
97.52
197.08
289.57
390.85
149.0
406.64
838.56
204.44
685.44
884.56
596.18
997.01
746.73
311.72
175.17
720.88
860.47
171.45
168.11
918.12
163.05
775.69
184.45
374.99
267.86
261.99
554.97
721.82
114.65
569.4
299.87
483.23
598.21
195.58
785.0
416.56
151.09
457.09
190.62
490.4
938.87
235.22
613.56
734.11
565.69
308.99
762.03
116.56
764.81
436.86
654.42
824.9
514.78
66.36
643.47
729.99
618.8
172.27
37.58
296.01
736.41
88.31
219.93
897.76
749.66
257.07
795.93
889.9
505.95
221.9
433.0
473.65
702.53
226.01
89.95
68.67
880.75
35.54
147.89
344.38
361.9
951.53
255.22
388.44
696.65
982.7
576.97
1.37
605.26
466.17
877.88
119.55
302.24
845.58
785.7
244.12
37.1
760.66
346.01
292.52
353.87
878.75
508.06
260.81
648.6
399.35
601.98
611.64
149.64
618.34
670.98
71.13
506.82
770.7
863.27
640.43
622.14
139.83
476.65
131.14
61.06
159.78
629.91
573.25
495.72
429.57
856.58
296.45
780.91
666.72
349.96
17.0
80.62
448.18
685.45
206.25
338.35
969.7
876.18
887.51
424.55
793.42
160.06
538.93
95.83
658.57
288.67
103.55
24.41
77.99
935.52
484.67
705.67
612.26
901.19
323.1
684.36
768.67
863.1
908.53
195.1
522.19
324.91
671.69
716.25
368.06
517.96
519.69
328.97
692.94
83.27
802.68
726.92
332.45
213.82
424.75
722.24
650.6
305.67
988.27
999.96
385.97
520.93
501.06
406.79
913.23
26.68
645.19
928.88
584.27
328.1
333.84
262.78
905.43
382.03
591.51
517.51
637.49
496.39
297.63
444.9
265.54
203.61
385.33
764.39
638.35
338.94
461.72
868.36
621.34
802.74
838.19
960.34
70.61
752.9
379.45
738.6
616.26
104.58
985.42
700.09
840.33
584.03
702.6
607.47
633.15
280.84
112.37
1.73
748.66
401.11
442.09
212.79
272.43
486.49
342.69
447.96
229.08
938.8
123.36
317.81
820.52
49.07
157.18
625.78
76.59
745.37
388.63
113.74
376.22
952.43
539.01
209.26
754.36
485.86
226.54
921.02
121.86
484.86
247.26
151.02
834.55
715.9
142.99
137.0
36.69
660.21
686.04
165.3
774.17
950.83
886.58
30.49
533.84
400.68
784.27
727.36
454.27
800.25
445.33
205.35
139.65
364.34
944.29
116.58
762.35
365.6
558.2
851.68
853.78
257.08
395.06
868.68
785.51
301.72
830.94
424.11
261.32
371.23
980.45
747.73
108.86
545.34
270.7
880.25
628.4
858.47
146.6
887.88
277.04
225.19
571.67
89.89
527.93
736.79
428.36
686.99
405.25
183.95
238.87
615.11
577.43
935.47
102.02
71.66
527.88
372.41
2.2
678.94
722.57
458.66
269.79
540.66
811.52
857.43
828.32
912.91
122.09
108.67
366.5
822.72
19.58
573.78
838.68
55.47
81.53
281.43
276.05
265.31
262.86
689.21
14.41
905.35
352.44
478.04
882.72
842.89
478.69
827.86
959.69
125.21
659.72
970.14
71.52
846.35
247.16
691.17
712.67
473.43
394.33
760.09
134.29
634.68
447.24
836.22
373.87
274.93
536.74
960.41
232.55
830.76
893.33
669.15
618.79
582.26
512.12
682.95
359.97
611.27
320.05
293.1
983.5
28.51
381.05
46.11
50.59
722.08
908.55
311.85
192.16
148.75
997.45
752.08
857.84
527.01
171.44
137.82
748.4
855.09
81.67
181.43
529.93
733.08
561.8
389.93
736.64
334.1
60.45
981.56
791.53
875.49
638.91
436.19
259.65
39.64
649.75
148.15
550.18
61.66
237.77
472.76
264.5
170.87
117.61
566.5
309.68
135.13
515.89
301.61
585.97
821.38
721.29
144.9
690.58
575.06
20.64
662.33
75.07
718.79
476.87
792.44
301.55
642.97
406.68
463.16
763.81
533.21
982.57
101.47
469.65
468.47
806.13
731.8
509.24
842.16
213.99
702.62
19.21
450.74
636.35
676.72
186.45
968.68
754.06
566.21
526.45
606.89
981.47
472.36
633.26
828.52
613.14
141.45
230.33
964.79
712.68
944.03
268.99
60.74
698.98
908.84
56.75
440.2
893.31
902.32
979.48
976.68
642.1
495.55
933.1
438.71
400.15
388.27
727.61
240.11
610.43
744.18
495.24
569.39
202.73
98.92
137.51
908.92
83.21
670.92
290.3
881.69
56.82
529.03
698.83
872.13
234.39
935.27
754.18
779.75
617.56
357.21
53.59
474.89
813.35
514.34
543.0
165.27
533.79
17.18
57.89
353.54
714.38
51.5
891.27
230.82
833.8
581.7
326.36
117.39
625.07
415.0
690.99
137.69
439.37
341.39
246.34
185.31
747.21
392.3
804.7
569.04
733.48
701.5
54.27
311.5
182.07
925.46
830.59
951.02
623.39
413.23
429.92
895.23
635.93
834.46
308.08
908.55
47.52
996.12
770.46
841.39
119.34
426.2
718.34
888.55
640.79
485.39
760.75
900.41
577.45
774.73
977.41
666.58
33.44
933.45
522.44
798.96
10.13
864.75
56.67
849.12
767.61
550.85
588.86
933.46
714.7
879.26
444.25
157.83
530.39
202.37
120.4
402.85
877.97
330.85
630.27
642.66
224.04
728.85
238.79
101.35
617.3
729.21
965.98
925.93
940.79
56.17
377.86
659.21
473.2
139.16
348.13
999.14
957.41
875.94
306.56
496.42
246.78
134.87
888.64
486.7
219.32
374.73
702.05
850.82
906.21
505.52
878.68
997.55
243.78
682.25
311.34
214.52
374.2
524.87
36.71
146.24
267.7
225.12
479.15
452.76
616.8
310.27
728.76
364.32
191.53
55.35
778.1
210.78
2.81
797.8
173.34
601.43
492.02
235.3
29.07
865.08
738.08
432.41
678.07
728.62
816.6
158.93
436.42
796.58
477.48
436.29
33.58
876.04
87.18
424.15
519.38
933.48
768.76
246.82
82.0
595.48
905.22
435.35
701.07
405.71
56.76
929.49
610.21
664.43
634.86
684.79
600.72
449.96
913.33
990.86
277.5
963.31
512.97
204.82
912.34
518.12
828.75
286.81
197.96
410.39
912.42
833.74
556.0
995.92
101.53
19.72
572.51
958.5
778.65
59.03
61.19
15.45
440.96
35.6
929.07
692.55
997.61
707.76
336.18
82.86
92.46
128.89
302.07
921.45
154.84
814.8
825.44
722.86
40.14
105.58
729.47
114.45
668.51
414.06
701.53
568.78
486.97
969.57
555.36
295.83
795.77
396.26
719.34
252.82
774.02
726.85
469.18
359.41
739.73
889.35
955.05
878.03
584.99
787.12
790.73
379.4
218.81
683.8
258.91
321.79
218.19
708.79
402.32
929.07
829.33
90.18
826.5
722.81
976.4
875.62
96.77
359.11
602.16
864.99
580.87
501.84
707.75
572.53
753.93
529.09
560.91
314.08
516.01
581.22
95.22
915.73
711.91
640.93
51.1
420.02
635.36
357.95
806.86
205.97
800.3
408.51
438.07
686.61
778.33
515.11
588.24
352.86
908.16
914.0
836.47
879.36
15.46
921.1
317.68
294.72
471.54
185.04
696.22
607.71
680.32
312.99
649.18
9.84
759.23
614.21
31.8
567.74
314.04
672.83
415.76
796.4
82.85
619.66
864.75
72.03
935.69
876.78
786.39
430.29
193.66
101.28
657.18
165.4
749.08
836.37
37.46
666.04
244.61
900.85
404.84
797.27
978.84
340.01
754.45
424.61
76.32
774.59
80.84
727.38
78.11
1.34
932.92
723.65
553.03
210.18
718.76
126.47
662.41
416.79
128.35
151.76
929.4
922.19
25.94
839.88
545.88
510.02
23.57
535.32
789.94
791.27
817.57
996.86
624.86
309.67
471.71
765.79
492.16
426.8
698.96
790.66
197.56
291.4
82.09
909.45
916.51
823.14
976.67
857.42
281.95
588.07
627.1
999.28
611.48
767.12
840.15
978.89
202.81
73.56
377.37
552.75
74.35
599.7
605.53
683.87
48.75
698.3
249.75
513.68
782.48
45.54
252.89
502.76
889.75
695.03
105.37
788.27
482.2
56.54
42.62
504.9
945.67
814.59
136.86
539.87
570.38
634.05
362.33
832.6
885.95
9.13
93.62
957.44
488.35
737.79
233.05
982.37
815.83
744.06
475.77
491.09
607.56
353.94
905.46
558.07
784.28
741.88
829.32
956.33
365.34
497.23
2.95
470.37
571.57
695.92
584.75
484.07
169.37
556.11
408.77
192.24
278.37
305.18
512.15
143.64
977.9
820.72
175.44
692.71
597.62
102.41
971.12
966.86
684.74
628.26
852.07
132.24
151.67
365.48
226.45
658.92
816.51
184.08
343.72
289.01
593.71
845.7
418.89
124.24
872.64
652.71
413.43
143.06
664.61
227.31
671.73
965.68
509.89
496.46
930.8
572.27
67.02
718.85
437.76
285.4
250.82
670.62
866.68
469.44
134.02
311.23
610.54
488.73
864.63
239.12
150.53
441.88
302.0
208.86
413.25
780.87
436.99
112.52
149.84
888.03
543.42
658.96
500.43
821.89
173.72
710.22
612.64
619.38
564.54
969.25
612.06
802.81
732.27
615.22
779.26
375.1
780.31
133.14
750.12
330.34
626.68
893.05
80.85
589.61
123.35
899.98
122.13
809.93
198.43
872.55
64.1
536.67
189.44
86.58
347.98
20.35
132.39
972.6
38.46
821.36
571.05
842.12
279.54
249.57
598.99
210.0
617.45
620.63
424.23
697.9
557.29
768.3
262.45
308.14
736.52
753.64
971.31
52.67
556.3
715.38
821.48
633.53
375.2
380.84
300.59
629.7
19.69
445.2
192.3
576.08
536.45
816.82
802.35
620.54
819.32
361.67
526.28
895.11
266.39
361.11
353.8
847.0
44.48
19.25
772.11
725.47
80.45
759.29
75.03
755.41
931.81
146.16
799.5
644.85
68.5
270.09
548.44
237.75
563.9
380.79
324.73
370.94
763.72
160.85
836.8
15.08
963.5
245.23
458.71
728.67
733.44
536.72
114.3
296.75
260.31
987.67
959.26
105.37
621.85
977.1
704.93
395.48
46.11
140.05
122.45
847.77
803.32
544.43
424.21
204.32
578.14
506.49
696.97
605.14
148.42
751.04
797.66
197.39
845.98
971.13
512.84
284.63
656.42
488.15
783.16
512.14
67.66
516.26
123.52
654.31
386.34
188.51
195.45
263.03
436.57
792.93
454.37
710.36
709.83
399.51
149.28
841.12
734.91
956.83
553.35
600.15
98.62
455.3
482.37
431.14
570.4
266.75
386.04
926.8
698.25
661.26
357.51
140.99
179.2
660.45
314.29
385.86
968.07
724.46
113.51
103.2
754.13
397.04
484.51
100.69
956.89
985.07
961.96
522.08
810.36
158.87
467.33
52.95
199.89
371.3
776.89
696.76
543.05
172.16
537.03
395.81
934.39
551.58
838.86
867.06
16.21
760.57
811.78
195.41
503.92
672.12
17.46
750.2
961.3
845.7
39.74
684.84
316.69
483.4
332.46
668.08
630.5
924.83
742.11
292.94
35.46
803.88
477.37
900.07
81.58
802.19
390.8
196.88
796.4
28.7
180.91
153.88
735.38
538.43
990.25
178.13
141.94
978.29
13.98
12.73
201.12
239.22
371.57
139.46
797.85
944.43
119.02
605.12
436.59
375.83
35.85
488.93
664.74
205.56
957.93
709.51
151.43
545.07
536.5
736.63
563.33
927.46
752.64
899.65
435.6
85.44
207.06
271.37
601.99
279.39
550.75
19.31
684.31
481.01
721.56
237.7
976.96
516.98
317.06
836.84
869.83
431.63
830.83
58.2
891.59
418.38
997.96
488.18
313.88
103.9
63.93
79.3
713.07
486.85
458.31
81.4
702.75
405.03
902.47
84.59
917.15
255.6
37.28
256.42
303.73
141.28
948.37
560.3
797.72
235.03
471.14
787.59
294.72
449.0
933.39
376.21
12.35
449.88
663.1
79.57
174.29
217.76
338.9
847.73
512.02
476.27
437.9
135.15
253.85
605.13
410.01
688.53
444.34
915.78
67.25
275.81
182.58
238.9
941.95
308.75
616.16
186.66
395.64
766.75
978.04
962.22
142.02
607.65
691.81
505.85
715.88
973.18
481.74
425.09
639.99
690.66
82.0
339.25
332.63
892.92
76.21
116.77
427.99
972.87
333.92
795.26
94.93
383.88
907.46
986.15
13.06
281.07
933.68
407.89
520.74
983.7
10.81
290.34
568.72
79.9
555.64
995.35
872.35
644.79
7.03
769.72
648.59
278.74
865.78
870.65
840.37
579.15
569.36
418.27
135.18
904.43
125.7
554.77
648.16
278.62
900.28
718.72
629.8
93.5
655.5
308.04
478.83
150.42
233.29
572.72
272.23
950.64
287.25
255.72
577.03
110.28
115.0
129.95
955.67
429.18
563.8
973.7
500.64
448.03
51.8
421.96
372.49
372.42
599.38
672.12
681.03
425.81
833.16
623.97
484.18
17.41
117.83
660.65
657.84
421.22
832.02
537.23
900.46
817.48
279.34
604.88
86.78
535.73
66.7
138.37
56.28
830.27
100.11
894.16
860.04
981.3
232.28
625.15
637.2
511.43
231.95
410.28
710.12
955.13
280.93
371.01
130.58
278.03
226.05
982.13
349.89
610.71
680.07
623.58
594.67
188.66
294.49
736.19
149.28
162.57
576.08
783.16
346.23
351.04
233.53
456.49
908.35
632.26
199.03
840.78
199.29
424.84
229.88
622.84
81.93
715.16
749.48
483.5
457.53
23.07
820.47
813.28
53.96
319.72
287.07
183.8
305.51
658.65
416.48
309.88
745.06
210.43
364.69
940.57
900.38
280.52
949.89
94.73
952.47
66.17
334.33
703.07
96.02
18.27
320.39
71.95
423.13
18.68
110.17
572.09
78.52
363.01
757.56
876.17
583.74
422.2
567.78
498.47
496.28
837.88
406.7
212.67
433.33
890.33
379.91
17.74
715.64
243.69
291.36
316.38
876.29
572.56
119.94
439.46
581.04
51.47
658.73
987.47
817.8
336.17
290.24
134.37
131.72
367.93
839.8
119.12
569.8
74.17
92.66
326.44
590.48
9.43
104.9
519.24
669.69
186.38
213.65
494.29
921.93
302.13
976.01
194.86
796.41
333.07
560.52
975.3
562.18
534.37
234.23
904.72
458.11
956.01
393.17
48.64
476.96
93.97
766.67
632.85
927.3
349.92
361.41
287.3
902.27
573.57
101.88
599.59
622.84
170.61
390.74
199.57
133.63
190.59
642.18
359.2
292.38
17.4
926.59
4.01
272.95
73.26
619.23
939.6
573.94
813.35
323.83
44.4
184.37
426.94
834.3
90.84
1.22
581.0
189.73
986.49
590.67
107.49
814.77
461.98
198.57
325.08
879.22
313.77
965.3
861.38
545.29
457.83
396.13
23.75
385.72
760.4
459.4
506.16
24.12
908.27
904.3
485.63
455.52
974.88
281.88
796.24
95.27
961.25
51.08
828.58
227.96
995.97
615.31
965.97
742.06
172.56
355.81
86.8
89.24
542.5
738.36
108.51
80.13
235.82
940.36
617.67
741.02
357.49
352.51
136.97
253.2
523.66
378.56
303.94
261.28
195.94
143.26
305.13
116.43
798.57
381.44
535.69
39.63
297.6
331.99
99.07
323.9
772.2
784.89
134.44
181.85
349.33
730.17
454.07
852.7
111.14
834.05
963.1
207.02
460.26
116.47
5.3
643.12
457.16
217.79
478.43
644.17
849.06
541.65
593.41
4.35
147.19
610.57
203.91
372.39
758.5
87.99
273.53
910.32
81.49
70.5
808.27
729.2
505.28
44.79
306.82
877.22
670.19
282.48
138.16
717.39
891.73
681.51
644.38
797.33
207.58
639.02
124.06
130.06
158.3
482.88
438.44
701.18
37.65
453.63
846.35
642.63
239.59
904.12
848.65
152.98
7.4
42.55
250.94
248.84
541.46
296.13
257.66
774.12
862.98
368.67
501.51
237.55
442.02
431.45
386.95
566.88
811.79
705.59
849.84
672.24
49.42
517.57
926.53
264.38
327.72
87.92
959.16
798.95
384.44
934.73
470.09
983.61
165.78
620.98
141.93
157.3
699.28
462.37
85.98
154.75
3.74
789.49
962.99
421.06
148.11
513.58
125.18
174.68
481.59
240.8
498.67
301.41
36.08
945.37
499.87
33.55
574.2
84.7
205.66
534.59
347.14
856.04
29.82
842.35
360.12
138.25
582.32
488.94
407.24
370.38
863.16
541.99
539.74
588.84
510.19
747.08
237.85
551.75
79.75
586.44
146.86
263.81
412.91
290.66
129.41
974.23
311.78
47.59
398.55
380.74
406.19
662.82
677.59
406.93
464.47
319.7
325.16
825.13
483.07
112.31
921.35
24.37
108.2
714.43
124.94
664.83
409.51
730.72
63.27
410.15
731.6
402.61
750.27
725.16
482.99
613.93
229.45
94.43
531.78
259.54
566.61
561.94
912.95
311.83
906.95
62.56
279.03
175.96
69.63
165.21
531.27
703.26
663.3
463.17
211.4
962.37
600.9
846.1
82.09
80.61
987.89
346.44
145.94
702.91
10.1
792.61
284.39
333.43
191.8
612.26
191.43
554.61
657.39
674.72
982.98
294.93
393.35
263.28
622.79
755.09
426.49
713.13
857.66
537.35
429.17
539.72
722.38
728.64
917.23
593.61
410.45
620.67
447.39
115.78
743.85
342.16
91.5
851.81
699.0
385.76
283.82
171.49
44.43
956.85
393.36
777.49
735.18
330.72
666.86
714.72
165.75
299.41
366.16
906.95
929.08
553.9
909.38
865.19
866.78
113.03
183.1
628.46
926.55
692.53
386.99
70.39
111.1
928.26
795.55
888.39
356.74
610.37
356.02
207.86
396.94
903.75
613.97
846.34
615.07
4.89
838.78
99.52
281.53
617.29
401.59
792.91
737.56
455.55
957.91
565.57
526.47
572.07
710.13
369.99
890.6
189.12
903.43
554.09
64.97
724.57
810.81
145.85
185.81
636.52
91.2
305.08
58.75
29.64
617.81
385.22
297.73
692.7
308.83
71.07
83.98
380.18
999.37
325.94
797.02
423.49
715.9
47.4
667.24
282.66
705.96
615.79
213.48
446.18
527.09
486.41
173.8
833.6
792.32
530.35
288.52
294.93
843.38
491.14
586.94
810.43
160.48
417.66
159.44
291.34
850.27
334.51
150.81
537.72
519.41
490.89
230.27
352.78
2.3
72.66
149.6
635.62
60.8
300.0
113.28
826.77
588.56
552.34
169.58
489.07
459.89
550.55
550.68
613.4
625.73
726.01
397.77
361.16
882.21
423.75
471.88
689.57
241.06
968.17
293.76
690.43
673.64
326.19
662.27
757.34
820.72
17.9
396.24
960.41
977.66
628.96
474.6
847.96
593.74
123.8
96.37
286.08
890.16
453.44
8.51
509.44
173.16
318.06
890.5
411.15
475.39
270.82
76.98
224.57
995.27
160.63
62.37
49.03
670.87
237.92
319.38
911.68
476.26
900.21
166.11
858.45
683.83
446.47
377.37
151.12
977.3
147.61
242.18
693.45
299.04
547.33
483.13
847.11
107.06
9.49
923.43
338.61
264.9
840.11
859.44
521.86
506.25
209.64
518.78
986.67
687.66
712.73
578.34
54.34
187.96
330.67
734.1
207.78
418.27
988.86
210.01
807.58
388.81
503.37
70.45
723.99
570.77
874.26
980.57
816.5
15.37
271.74
606.42
801.88
797.66
301.2
612.79
333.44
304.62
407.88
456.28
535.88
177.56
795.51
881.58
732.27
186.19
832.3
393.55
540.08
62.89
352.11
633.68
223.1
14.69
278.52
521.84
180.42
111.87
67.6
840.3
987.55
644.17
777.53
315.23
403.75
674.6
874.86
655.04
397.85
151.36
264.41
806.83
937.89
896.94
741.19
791.47
152.85
723.23
449.94
247.38
399.71
241.58
488.56
445.73
91.1
937.4
639.33
884.17
945.42
235.44
271.66
821.05
608.12
656.19
627.62
761.55
178.56
847.47
612.81
231.66
695.99
454.53
31.23
66.85
342.01
929.32
297.08
665.7
524.14
319.98
330.64
732.72
355.26
630.69
443.12
258.26
457.93
597.64
456.53
783.64
706.42
513.35
3.27
860.37
230.37
122.07
850.96
534.06
648.45
444.18
438.65
758.78
960.71
179.35
29.79
475.25
651.83
327.0
164.53
21.59
292.52
377.53
745.9
572.48
666.76
884.66
487.92
427.69
986.05
365.78
951.81
371.61
502.04
437.23
87.47
859.44
631.96
69.61
660.42
462.24
461.57
176.94
276.34
243.35
309.47
45.69
711.34
982.46
242.69
725.28
829.65
56.43
663.52
33.08
816.13
607.56
770.27
296.47
834.23
646.8
659.72
380.06
820.05
580.85
203.54
920.96
49.96
237.43
526.29
344.04
433.71
752.35
194.69
885.31
498.92
549.79
436.18
27.91
892.63
989.53
820.63
725.73
478.3
280.17
517.07
936.55
975.71
748.13
253.68
518.77
732.51
880.54
908.07
810.62
755.49
696.21
549.8
599.07
231.43
531.44
201.01
915.34
538.64
956.92
161.74
891.45
958.65
148.07
382.79
332.57
701.83
734.76
64.47
613.65
545.66
635.89
333.04
539.76
242.72
639.63
575.52
173.44
773.85
842.96
670.56
269.94
180.34
865.98
903.09
27.81
756.75
349.16
171.98
634.5
886.69
50.96
888.01
888.95
845.02
226.49
85.4
506.06
908.77
432.24
324.69
533.08
215.82
393.16
465.56
950.91
100.24
382.83
419.86
633.27
63.93
579.32
567.27
204.82
653.09
365.14
31.59
697.56
251.86
494.22
789.54
493.44
352.4
259.55
688.24
947.08
857.17
458.14
126.67
963.18
441.48
884.97
441.43
250.33
470.75
889.57
73.66
586.36
515.01
549.75
403.64
176.05
326.45
140.55
155.13
430.15
576.45
391.59
231.69
452.39
989.41
120.7
506.28
989.92
869.63
874.94
365.82
839.38
600.89
186.18
101.86
423.44
6.41
665.08
928.22
629.6
347.47
135.76
67.51
809.87
696.8
74.73
576.15
615.04
808.06
259.26
896.59
581.25
753.02
230.41
827.65
498.13
10.93
947.84
802.56
539.1
705.93
487.11
537.18
959.54
294.73
859.07
311.96
272.52
163.1
498.22
4.95
601.53
539.34
463.64
673.89
95.86
313.89
586.01
60.13
48.99
185.3
918.99
320.16
440.88
214.83
45.34
921.29
975.26
306.13
823.29
975.96
986.89
979.04
119.44
594.75
606.67
835.92
576.26
604.61
525.48
436.61
353.15
823.53
303.69
947.64
436.15
367.35
315.08
638.95
266.3
755.91
382.72
181.77
572.89
577.47
843.61
177.33
221.06
2.81
661.09
9.29
16.63
635.88
633.59
806.92
75.66
222.07
601.52
65.32
993.96
713.81
599.42
63.55
856.19
552.16
866.94
362.46
389.56
666.7
235.93
926.72
175.58
693.48
420.55
686.85
777.58
425.58
454.43
705.15
534.99
286.14
710.88
898.88
32.92
301.24
69.23
180.02
930.73
316.72
521.54
302.93
567.33
97.66
619.41
282.08
566.38
516.04
350.62
292.79
744.38
419.43
903.18
90.91
348.57
221.61
407.13
998.82
732.85
548.65
811.17
761.48
949.8
11.99
711.34
992.13
302.06
470.19
228.74
974.41
829.99
901.96
968.7
898.68
128.64
62.21
295.25
761.72
934.72
870.07
229.52
285.81
544.34
528.53
903.09
876.38
490.25
86.86
65.08
993.39
871.81
182.36
992.19
365.93
253.83
745.64
213.09
62.41
449.37
775.69
306.73
808.71
466.56
224.08
998.24
507.3
230.2
907.86
381.17
99.74
533.79
157.23
527.32
412.66
808.91
777.91
215.65
277.45
454.46
292.43
500.62
502.88
611.47
630.78
189.9
514.09
230.94
918.32
172.0
533.61
742.4
918.9
75.61
424.66
561.24
147.26
631.3
717.26
487.13
923.04
109.14
906.24
932.8
895.68
920.94
844.96
421.94
171.11
116.98
251.23
100.4
321.61
385.2
875.5
745.1
102.13
826.8
441.99
907.02
572.84
904.15
306.67
697.84
181.72
943.15
352.37
615.91
196.36
358.24
78.35
879.34
272.26
516.49
998.66
808.4
649.94
960.54
660.52
112.2
799.87
673.01
393.03
522.97
776.25
935.08
670.16
958.69
740.9
210.12
478.03
867.65
843.53
907.37
753.37
664.06
522.0
702.92
475.48
677.49
703.48
797.89
953.51
46.83
602.02
793.47
162.03
667.8
506.41
455.58
588.66
377.3
563.03
32.1
881.17
918.6
170.49
92.04
721.01
705.16
867.02
29.06
946.91
629.02
88.62
527.34
557.25
724.93
753.39
278.42
243.0
599.33
959.19
687.73
70.74
82.29
831.95
938.87
531.34
166.45
188.41
491.98
83.53
530.29
819.86
142.38
86.17
621.39
146.56
788.29
738.48
680.67
547.88
801.24
821.39
967.18
87.37
214.13
716.57
409.46
434.2
875.91
312.59
123.68
568.62
113.64
496.67
797.71
277.73
741.8
508.29
252.44
157.5
318.49
671.06
644.95
656.64
336.54
792.12
25.33
478.54
256.62
780.83
708.43
756.4
711.31
239.73
879.95
101.55
355.78
163.25
222.78
645.18
158.73
333.75
153.11
378.5
392.6
642.92
745.19
300.39
725.6
575.14
831.81
748.18
483.97
265.21
773.4
919.94
157.7
752.3
952.06
783.36
76.49
846.02
747.87
643.7
176.78
6.67
940.07
835.39
581.84
139.51
580.22
927.35
647.44
906.46
156.75
377.96
159.77
316.67
866.2
261.81
778.64
525.56
251.78
47.15
390.58
585.63
273.72
220.56
858.82
89.24
194.74
24.23
863.87
69.17
625.53
84.37
957.4
641.36
717.44
431.54
319.17
286.91
774.33
756.49
775.87
232.56
826.31
560.27
653.07
553.74
194.25
95.5
302.96
20.52
911.86
589.76
833.6
143.88
810.33
97.93
542.88
445.22
327.25
683.43
215.0
548.48
107.17
136.38
873.96
734.43
941.21
59.91
570.0
692.68
692.0
419.76
742.87
855.28
188.68
854.95
883.29
413.87
151.55
569.44
951.54
968.24
79.02
376.2
462.42
977.55
726.74
401.07
991.58
477.41
502.27
489.93
194.35
661.77
679.13
838.26
582.91
679.27
773.9
506.01
660.23
811.63
435.06
588.53
789.41
347.66
782.43
206.66
97.66
171.38
976.79
763.54
968.82
659.23
585.26
784.67
222.75
648.87
160.54
550.73
836.49
51.9
755.96
751.81
157.64
350.25
64.09
779.77
221.41
230.17
352.9
868.51
658.49
384.25
863.63
796.84
140.23
805.14
492.55
262.69
343.75
664.39
976.78
406.0
34.12
812.32
181.66
221.64
525.42
859.15
725.54
201.4
596.23
116.9
97.09
159.0
867.84
483.09
279.27
734.9
352.33
338.07
295.32
813.9
522.54
93.77
696.95
455.75
443.24
658.91
209.29
651.29
412.16
562.81
971.32
755.38
908.74
688.67
247.25
420.65
665.87
105.52
588.83
564.98
571.78
773.28
468.9
609.75
106.24
38.87
537.65
275.55
588.99
120.66
525.44
77.54
773.79
979.01
242.62
966.82
876.27
901.56
772.71
419.93
890.94
856.4
741.75
315.23
959.34
5.75
837.91
472.59
728.88
156.71
57.43
926.33
820.79
284.25
627.07
609.46
597.37
380.24
210.3
847.6
842.3
387.4
816.65
496.97
349.36
765.23
7.75
15.51
393.2
808.06
995.77
629.46
939.82
311.22
222.71
395.04
295.61
736.62
597.63
810.78
887.02
5.37
255.85
66.15
279.19
945.65
593.54
614.33
256.45
635.65
544.09
360.96
462.68
813.16
574.95
420.59
403.87
144.44
816.01
905.86
495.69
659.51
307.97
570.08
519.9
662.77
858.54
769.97
331.83
377.3
542.59
671.07
417.83
664.96
209.49
998.92
863.72
409.4
803.7
901.98
294.73
927.82
841.87
401.39
287.76
391.86
729.32
299.79
262.84
885.25
659.81
399.07
65.96
208.31
467.81
674.66
747.59
317.86
272.93
810.78
107.6
451.3
767.01
742.7
303.98
828.63
800.65
832.83
470.14
300.0
832.65
936.51
324.96
981.32
799.49
55.12
866.15
182.0
47.76
966.79
156.85
576.88
99.15
66.07
307.98
743.12
305.55
288.13
624.94
270.33
988.55
5.56
178.8
222.95
608.27
63.42
621.24
548.32
976.54
283.2
839.96
62.79
806.17
51.9
643.23
614.25
984.15
464.68
151.88
264.15
120.1
550.57
429.68
594.41
400.25
806.97
322.82
395.13
53.39
23.83
94.01
755.95
919.0
719.05
728.29
719.47
262.02
366.5
75.82
288.51
680.86
868.47
487.74
495.25
31.27
826.52
408.97
913.33
325.14
838.49
919.05
304.9
335.2
804.84
649.88
378.04
985.23
878.86
404.16
487.62
239.81
120.11
155.04
82.19
554.78
228.97
729.16
224.05
492.51
693.0
109.44
493.74
133.03
420.51
681.59
477.19
84.78
414.68
449.96
586.32
226.01
970.29
889.88
596.81
307.17
830.74
746.12
975.49
684.92
999.19
445.48
776.16
135.4
299.02
869.54
3.94
733.7
49.41
648.42
142.81
895.97
576.78
906.9
580.11
841.31
54.76
646.79
947.46
303.16
897.13
601.15
407.48
671.17
925.77
783.91
774.05
267.73
582.2
331.9
515.88
429.36
929.29
103.08
438.83
460.95
900.89
85.64
244.24
177.42
801.01
940.3
103.04
886.15
181.01
82.44
385.9
40.36
315.08
557.73
564.07
64.63
620.49
102.15
856.97
280.78
772.06
787.51
458.44
103.53
172.26
447.47
969.43
863.48
130.89
356.83
60.26
465.05
720.98
83.35
108.6
859.51
451.84
365.1
847.3
246.18
953.49
49.1
580.52
386.48
377.91
476.03
442.79
808.42
33.58
678.01
222.74
176.95
660.61
898.18
460.57
552.36
797.14
742.73
303.85
339.54
550.46
912.66
722.59
433.79
476.85
889.37
346.35
149.64
841.06
39.5
969.37
71.17
499.79
546.3
387.15
978.91
275.5
476.1
655.61
224.95
245.93
158.44
196.4
273.22
875.9
535.89
592.07
966.76
5.68
637.98
894.33
946.8
410.05
957.04
29.09
647.61
508.09
459.25
239.46
317.59
80.31
70.31
589.73
895.36
707.19
357.36
473.39
754.96
789.36
144.28
13.2
215.28
757.07
996.7
420.87
824.28
487.68
910.29
618.04
643.09
183.43
914.67
583.56
87.71
189.96
144.46
707.0
693.88
721.49
146.32
80.06
698.8
442.15
986.69
848.8
785.6
461.22
233.4
927.46
465.11
766.23
550.38
300.62
908.75
672.41
136.28
491.88
154.71
367.79
125.03
705.07
934.55
405.08
542.64
635.25
914.39
446.19
481.09
970.9
702.92
253.06
628.48
191.13
538.85
608.65
897.7
949.51
470.5
470.02
87.87
435.88
414.44
779.13
737.43
825.92
65.54
53.57
245.02
569.72
679.53
192.8
746.39
441.41
593.59
512.6
163.08
343.51
69.59
651.93
62.27
673.63
764.36
662.91
624.87
404.91
596.58
222.04
816.98
287.15
330.44
747.31
282.01
749.97
583.65
374.19
573.97
531.5
226.57
917.54
380.58
704.54
424.21
881.24
236.61
166.88
731.15
244.54
423.33
805.47
221.83
532.19
480.47
304.9
98.46
7.48
46.03
978.78
438.61
308.97
152.53
473.71
804.0
15.57
956.14
441.2
768.92
848.22
620.38
810.78
600.67
392.37
117.71
998.2
981.32
287.7
643.69
317.86
519.69
673.58
291.08
106.21
532.5
626.65
10.94
33.28
100.51
683.73
346.62
840.26
507.51
627.71
676.73
196.75
775.72
312.95
717.63
83.27
709.07
920.36
549.24
864.88
193.8
113.15
266.01
314.77
335.69
823.67
921.53
876.78
422.15
407.39
634.05
527.98
777.93
392.33
180.41
991.5
776.92
742.17
606.54
846.88
568.01
364.47
109.35
287.93
823.66
353.76
211.34
767.65
818.2
241.02
942.27
365.12
782.56
198.26
824.45
778.73
632.26
346.34
415.85
714.57
845.15
482.26
611.91
34.54
731.21
27.1
350.22
295.73
304.56
929.02
557.39
659.53
504.54
311.55
174.97
326.55
637.38
234.57
944.33
686.37
78.27
58.17
568.02
859.81
289.2
664.74
61.45
454.42
182.05
746.78
688.76
760.16
641.89
486.83
16.77
949.39
945.93
88.11
937.69
834.27
916.87
2.65
173.02
473.93
696.43
681.03
362.72
81.92
137.18
59.48
480.94
573.24
78.0
895.28
370.16
743.21
671.06
182.37
924.63
795.79
352.38
191.62
880.85
560.84
79.5
120.48
280.38
696.23
81.28
115.76
200.61
318.17
403.87
856.12
635.84
101.83
537.29
188.82
460.54
430.6
360.64
812.48
285.77
57.78
963.52
110.83
449.99
504.74
510.06
542.0
237.47
63.12
676.13
330.72
904.97
940.86
63.29
587.03
4.76
615.72
115.36
891.61
736.63
437.8
893.71
612.54
432.36
342.34
774.26
890.12
797.89
544.81
205.54
422.81
231.43
953.34
919.72
869.17
717.72
104.9
248.95
53.34
638.2
120.21
644.03
101.25
348.36
778.25
567.91
561.29
818.59
610.87
577.16
396.33
166.62
164.79
428.95
633.83
678.36
594.54
583.82
194.16
854.5
966.64
698.45
370.89
325.46
468.51
406.5
794.98
907.53
422.05
935.29
175.73
322.24
395.44
821.57
520.98
867.75
67.45
433.91
849.01
235.65
661.85
54.44
893.66
615.11
760.11
120.86
984.15
264.57
369.42
623.34
626.93
367.67
203.45
319.21
304.31
650.36
393.24
440.74
370.71
324.98
490.34
464.42
355.91
987.28
619.12
93.21
468.57
378.55
661.79
853.28
149.2
334.26
768.43
587.73
148.12
335.23
578.99
86.55
3.81
284.77
299.87
257.79
233.14
270.71
984.66
148.27
607.24
377.51
996.21
36.63
126.07
511.29
500.42
488.32
848.34
643.68
293.13
178.07
33.34
307.06
790.71
308.09
928.48
983.01
58.09
21.02
367.6
968.12
986.31
217.38
245.6
569.36
662.95
564.29
315.96
274.48
593.79
638.12
156.08
424.5
318.64
473.72
437.94
787.73
191.49
666.59
731.96
510.0
861.83
648.13
921.08
766.05
152.74
972.9
406.86
324.88
508.86
482.08
146.65
909.93
532.67
452.73
285.11
682.78
587.2
644.83
623.48
586.9
710.13
226.04
945.69
423.24
300.56
699.01
962.35
836.71
638.64
895.62
22.68
897.16
182.14
248.27
905.56
640.53
653.82
294.39
921.95
191.25
337.54
570.49
268.03
157.2
720.11
437.95
496.38
525.25
454.17
961.2
93.69
602.38
750.99
657.84
444.13
88.47
642.19
714.13
236.11
590.38
479.11
785.31
603.75
82.96
313.87
505.36
336.06
673.73
449.3
596.99
662.93
832.91
767.95
751.81
324.72
395.61
475.3
630.19
638.97
950.15
387.56
611.71
646.61
897.71
772.85
902.93
943.82
309.51
618.45
220.07
18.93
929.22
520.62
50.4
705.39
934.94
353.81
147.56
860.93
350.99
648.63
389.06
375.17
979.39
861.54
749.33
848.98
933.49
64.52
687.7
579.37
767.67
815.2
851.23
344.3
715.55
151.0
54.41
157.19
757.36
935.29
905.27
479.22
86.79
804.95
500.99
710.76
747.87
425.77
326.3
555.79
19.6
743.32
302.73
222.43
260.83
858.92
111.39
649.82
76.52
986.06
405.93
852.3
861.54
358.0
781.56
957.28
455.09
200.89
40.92
699.0
257.98
419.55
448.62
72.53
585.01
153.12
427.29
808.43
587.55
626.39
92.3
361.43
868.35
41.22
455.31
110.91
986.86
59.75
750.59
85.71
966.06
216.32
845.08
147.63
485.82
436.39
350.06
780.4
768.98
493.36
599.25
563.43
758.6
997.6
51.38
945.01
920.92
46.24
883.84
227.35
546.67
152.86
498.45
745.31
859.44
873.33
967.42
506.11
301.59
508.61
36.24
149.58
56.3
381.85
825.71
657.41
340.88
427.33
131.67
625.93
708.89
264.5
465.42
677.09
415.3
811.76
45.82
641.67
132.11
302.85
530.91
105.95
504.61
314.58
645.82
95.79
575.47
831.25
348.07
155.32
857.31
908.13
285.56
813.89
61.43
515.55
341.8
454.29
662.36
407.02
783.75
382.94
681.73
591.49
780.49
583.37
234.88
843.24
877.29
581.18
220.99
984.91
881.02
171.57
592.99
134.36
63.86
88.06
214.9
923.75
792.44
965.97
831.58
731.75
9.93
641.55
498.3
354.19
504.78
875.22
443.18
782.63
246.97
305.73
954.42
15.57
776.35
268.29
720.6
77.04
20.26
56.84
669.73
232.36
454.21
687.9
921.77
891.19
80.63
178.75
998.7
482.06
451.68
194.33
214.45
241.46
744.17
582.6
417.36
816.69
735.06
392.69
815.29
286.14
457.52
505.38
406.08
869.73
993.44
918.97
83.53
540.36
171.0
767.7
214.87
637.49
737.38
745.21
407.6
309.32
489.9
429.82
835.36
821.58
464.92
855.55
429.94
772.32
577.66
378.24
904.35
528.0
626.12
341.97
224.82
567.36
64.66
110.68
691.64
439.71
180.46
933.95
853.82
972.73
820.1
106.81
446.95
120.75
963.42
368.49
853.21
983.59
191.43
719.56
480.85
290.32
967.09
588.2
120.48
48.58
713.5
248.69
799.42
80.35
844.09
715.59
372.87
624.13
441.94
654.16
48.84
198.35
674.31
376.93
913.7
223.67
702.86
423.64
776.47
335.62
636.14
114.09
754.34
818.63
263.43
674.34
72.39
632.0
255.59
560.34
756.32
383.94
756.05
373.75
370.37
765.33
812.86
947.87
569.04
939.59
20.11
14.0
968.54
141.85
787.16
51.54
439.54
325.88
314.34
964.35
576.39
97.87
686.78
459.41
411.35
89.93
94.26
665.14
483.32
471.77
377.31
875.93
261.32
86.86
533.71
254.97
511.3
864.27
277.81
648.46
982.58
921.68
602.46
385.94
610.04
350.79
275.27
489.14
356.77
320.16
154.94
916.57
578.33
903.85
826.45
449.78
237.38
576.83
647.55
663.03
34.02
608.34
44.92
798.65
447.43
794.24
165.38
969.14
442.66
240.62
161.46
2.23
297.3
106.3
12.24
280.3
829.99
627.45
674.25
387.4
50.33
212.47
142.19
10.29
838.62
383.26
779.22
697.07
693.58
221.83
953.53
399.32
986.26
382.55
381.83
803.32
80.47
379.22
217.7
975.55
777.51
699.84
883.97
307.71
423.66
159.91
340.1
528.32
990.8
222.03
756.62
65.22
894.98
769.64
765.57
689.0
339.18
323.85
521.72
144.2
646.66
353.1
925.54
615.89
678.43
299.13
751.59
350.31
877.73
722.91
628.05
187.61
635.55
588.6
881.44
615.39
77.85
437.07
402.37
219.11
534.47
206.6
501.15
39.7
937.98
971.06
946.33
247.63
641.2
775.31
99.46
679.96
243.59
531.24
600.54
743.89
812.57
931.45
305.02
786.84
182.11
564.3
619.85
606.0
894.57
669.79
210.5
397.65
236.53
465.28
11.01
757.37
778.45
517.34
417.7
874.33
452.32
213.43
360.54
490.45
491.78
379.12
605.62
783.89
290.91
181.96
245.2
598.78
638.61
306.07
391.59
146.35
644.56
206.32
181.31
838.66
813.12
744.68
406.55
170.95
285.11
299.87
14.1
691.61
93.93
92.09
440.84
753.27
849.49
635.38
964.31
352.96
802.73
964.04
720.27
977.63
942.62
57.07
235.95
998.94
868.18
139.06
561.41
345.4
356.23
908.21
897.5
530.96
898.02
368.62
461.6
957.43
170.98
698.52
920.07
644.29
473.38
771.7
641.97
617.01
998.69
375.34
440.26
392.57
617.98
479.6
763.26
464.96
747.16
584.65
640.96
748.47
729.88
909.47
751.48
475.84
284.98
669.03
843.1
472.44
42.08
812.69
74.5
420.62
612.38
157.32
2.23
33.98
77.67
593.54
795.19
942.4
157.09
300.79
395.28
377.21
458.53
684.82
491.83
628.22
107.75
345.93
5.52
97.43
422.38
529.26
535.48
671.17
682.31
125.71
221.88
235.91
955.81
637.15
19.77
139.56
230.8
593.76
582.29
869.2
583.19
751.38
162.22
65.53
898.74
715.43
82.12
122.93
934.63
742.13
155.14
960.86
843.43
446.89
271.82
23.99
998.44
424.71
800.77
170.19
776.34
99.45
349.7
449.38
514.7
543.22
202.88
72.91
357.62
34.19
345.8
210.62
74.47
990.41
898.14
194.17
233.23
353.68
535.74
620.77
494.66
23.24
679.48
808.64
797.3
105.22
449.6
950.36
337.57
377.37
427.47
439.17
361.93
420.93
752.42
599.02
125.32
388.96
882.76
742.26
775.86
2.93
938.08
341.73
682.1
336.51
475.64
926.63
29.82
330.38
462.0
60.52
281.99
132.94
871.63
291.12
58.81
747.32
743.01
384.08
129.14
745.51
693.08
882.53
161.82
728.13
818.8
9.09
241.28
776.03
346.57
772.02
767.34
30.78
220.42
475.03
186.1
316.66
402.85
874.5
236.21
564.19
386.32
107.52
252.1
727.56
61.77
837.08
437.12
361.78
460.67
191.0
412.44
735.02
602.2
939.19
856.98
170.86
924.16
379.96
678.13
569.66
346.0
572.6
112.24
338.81
370.66
126.78
121.44
595.44
105.44
695.03
159.75
391.53
923.57
960.92
479.89
622.52
538.3
950.89
437.8
414.19
151.97
26.26
816.79
21.45
520.41
589.7
148.44
226.82
620.25
354.43
36.41
447.09
280.23
415.76
140.74
138.39
332.02
252.18
19.94
638.53
213.71
373.2
959.24
597.34
454.71
369.95
641.8
878.43
31.87
563.74
960.64
178.69
681.17
818.95
919.72
844.56
926.45
324.04
743.02
365.68
965.77
122.83
302.76
810.96
823.95
159.61
740.23
343.69
569.56
792.57
784.64
144.24
843.35
361.27
334.25
933.32
48.8
128.99
680.34
734.94
559.76
134.17
194.79
832.34
708.66
465.33
292.74
981.41
29.89
72.15
866.07
244.71
881.04
338.88
976.1
246.4
892.48
466.76
329.75
743.18
617.11
253.25
679.65
825.49
785.97
459.71
919.17
124.59
514.39
724.09
729.46
498.22
173.73
423.7
495.28
485.73
467.65
144.83
402.05
149.26
802.94
244.37
910.72
494.25
976.02
357.16
627.19
167.92
914.19
420.23
844.37
2.98
844.92
975.65
871.72
810.47
537.78
313.7
652.5
96.48
265.74
358.82
491.81
844.24
93.42
201.69
844.95
971.06
432.65
22.12
512.03
141.2
726.5
78.83
10.95
40.07
229.73
811.79
881.49
599.61
697.21
415.97
427.41
806.3
492.9
203.3
521.4
94.78
715.06
297.76
743.46
512.85
946.29
881.61
978.96
717.11
865.23
984.48
204.59
425.59
74.48
265.88
402.3
439.63
804.43
812.19
729.04
406.04
439.46
874.55
701.49
497.88
315.55
76.25
12.56
133.96
488.56
249.22
543.05
923.2
376.63
986.47
186.05
463.91
381.97
880.89
969.96
165.5
323.52
661.2
9.47
497.98
557.83
697.29
176.14
623.68
112.91
909.23
456.34
349.0
129.74
337.21
447.68
11.57
905.02
685.75
983.5
68.6
394.27
763.47
568.88
915.34
396.32
820.65
395.18
759.3
795.18
718.97
285.07
117.23
446.86
852.38
460.63
921.49
146.67
866.93
167.42
997.54
625.21
474.02
730.25
769.29
308.62
446.08
636.39
915.53
153.11
185.89
179.7
287.51
963.08
786.68
30.09
855.67
327.77
340.1
560.65
845.98
443.97
110.37
943.9
679.13
405.67
522.87
621.62
302.37
721.53
252.22
741.83
852.02
837.57
897.89
112.56
799.41
374.44
527.11
625.79
792.24
923.13
352.86
868.62
41.06
80.08
503.96
780.07
978.0
484.23
130.48
120.76
918.54
153.6
758.1
799.4
986.92
461.51
815.86
703.37
328.17
584.62
960.78
261.88
598.79
398.87
187.77
980.31
369.19
769.32
139.82
19.72
454.77
523.55
192.85
457.02
791.97
244.6
753.35
362.25
201.3
888.93
789.17
597.11
9.82
749.5
958.21
777.44
39.21
227.97
114.87
546.69
559.9
608.86
232.79
219.4
36.8
349.96
363.52
64.0
705.5
533.86
197.87
528.27
83.13
168.71
657.02
777.04
537.79
861.31
228.19
99.09
395.48
315.9
731.66
870.33
771.98
584.64
694.77
562.08
896.66
660.21
744.82
559.55
517.18
467.52
63.92
492.94
867.34
345.35
95.43
862.98
333.11
32.65
431.45
907.63
319.15
649.14
434.52
440.07
346.02
312.68
940.55
13.8
381.69
721.35
415.56
288.76
804.7
203.34
835.58
345.39
82.02
683.03
303.26
183.31
343.64
255.76
677.02
390.2
665.68
226.31
518.05
67.8
731.59
305.78
17.64
656.68
480.8
226.85
636.86
521.57
503.95
872.28
771.13
7.58
367.77
56.38
570.2
694.9
835.0
402.73
510.27
184.02
773.65
525.93
315.2
882.15
25.64
332.86
420.2
768.41
138.37
345.26
275.34
413.17
40.99
997.13
480.98
913.45
62.15
278.34
952.27
571.1
224.55
26.64
160.47
811.49
251.29
81.29
767.9
712.37
940.56
702.43
240.4
114.83
173.38
873.58
149.09
300.35
895.33
861.01
60.27
721.65
683.11
588.89
517.29
838.59
486.56
353.33
944.6
396.01
696.35
676.81
790.85
642.67
485.49
750.51
964.98
81.94
475.99
786.89
650.27
484.58
623.38
49.44
108.79
889.99
695.68
914.54
304.35
68.6
176.35
678.56
864.53
341.02
153.72
558.34
526.16
924.1
190.92
219.57
200.39
780.84
267.19
850.55
332.16
119.42
571.01
987.95
959.39
954.65
721.81
226.5
389.46
745.3
715.27
290.92
463.65
652.89
441.18
530.29
650.38
778.34
802.71
1.7
295.35
838.75
94.12
410.67
770.42
843.97
245.56
935.48
908.96
19.21
931.94
399.38
716.76
321.09
460.46
416.3
101.17
13.64
581.5
56.19
51.13
566.38
712.91
876.83
526.29
171.75
629.81
363.15
22.27
544.97
619.44
852.75
347.46
66.09
777.1
6.06
932.21
434.24
733.06
102.2
257.19
465.68
567.62
848.9
205.35
742.96
970.75
504.38
40.35
586.54
73.65
816.97
824.06
156.34
550.26
559.3
220.99
812.43
789.59
605.22
768.16
523.48
205.46
598.15
91.45
156.17
294.76
935.71
657.21
365.59
994.65
319.74
673.71
959.21
556.03
969.45
376.58
520.55
17.15
433.33
904.38
567.57
135.74
126.35
814.39
986.96
848.92
767.75
696.85
12.38
215.96
520.42
632.47
214.37
502.28
104.54
167.68
285.19
8.5
856.31
791.61
884.21
831.71
868.24
194.24
470.68
303.81
778.03
845.85
185.4
646.47
758.82
662.42
295.13
517.38
255.92
451.21
724.98
345.28
135.48
66.75
798.4
980.59
847.43
7.08
752.37
949.31
944.14
861.27
281.23
335.12
927.85
624.47
88.68
277.46
702.63
687.38
421.19
692.68
881.1
563.78
163.3
295.45
117.01
145.97
433.31
298.85
462.05
384.85
263.48
724.67
299.43
404.04
632.4
85.34
220.13
71.48
241.18
768.01
595.74
242.79
698.89
685.0
91.32
83.36
380.66
334.82
85.21
705.35
748.63
292.79
51.0
360.97
869.81
65.51
876.8
677.82
41.87
949.72
900.2
350.5
602.02
986.61
179.81
635.13
293.85
498.04
137.95
19.74
836.45
195.85
694.72
789.12
734.38
484.47
280.57
243.66
226.79
92.76
787.66
943.6
533.42
405.12
371.67
486.76
964.14
342.9
145.14
584.85
769.29
990.33
573.39
453.46
162.19
626.94
139.27
606.89
465.82
908.62
827.16
508.45
283.37
535.04
213.57
17.49
942.06
768.93
764.78
246.11
621.05
24.5
652.31
333.21
888.27
367.77
970.52
664.38
717.69
49.73
588.89
210.99
292.52
395.25
759.5
504.72
92.24
548.55
461.08
731.26
49.29
752.6
854.46
869.19
444.58
558.03
849.2
832.04
166.64
302.22
836.43
269.21
85.1
143.39
331.36
766.51
425.51
833.08
473.38
147.97
187.71
13.46
296.2
124.35
695.32
145.86
316.19
247.06
847.8
146.02
466.37
218.89
90.27
835.73
769.42
908.51
14.55
590.5
274.69
838.67
744.44
804.26
661.5
