753.73
393.55
754.75
856.03
49.02
785.77
98.12
392.32
801.5
488.75
335.54
337.83
42.01
526.79
526.58
993.41
444.3
596.24
283.99
715.43
651.7
208.98
670.1
936.24
152.49
400.41
274.73
373.01
925.43
866.34
797.34
905.82
441.34
280.36
653.93
114.71
837.49
150.5
183.04
764.13
269.72
705.53
334.54
383.13
595.88
984.75
123.51
550.81
232.99
238.62
9.21
858.79
582.2
592.05
512.63
855.96
718.54
347.04
372.85
667.87
796.81
688.43
856.44
372.29
302.71
934.56
699.65
446.34
341.64
379.12
752.59
864.92
934.09
781.84
808.38
23.57
393.22
849.84
378.79
691.62
956.53
873.9
885.13
819.87
85.25
826.89
507.34
439.85
133.07
697.91
671.02
613.5
859.25
778.92
954.51
506.82
802.1
308.84
656.06
229.2
978.89
854.29
419.18
487.07
636.41
381.46
780.78
514.41
142.58
223.72
992.12
345.24
560.17
22.72
34.63
525.8
669.69
743.72
2.1
79.96
339.06
20.65
440.15
33.28
957.89
944.07
637.71
567.68
957.1
673.52
592.5
872.58
766.68
10.81
51.6
304.74
549.39
315.34
211.78
706.53
914.38
185.17
467.48
950.55
177.91
81.48
613.66
66.29
698.05
929.19
469.17
745.29
6.3
805.31
958.13
587.71
891.55
133.49
208.44
798.52
531.14
548.15
61.01
994.03
824.4
803.29
894.67
164.7
523.04
404.53
781.36
241.07
617.65
726.39
971.84
364.28
320.07
73.72
294.34
548.41
8.53
743.41
245.2
166.65
178.23
799.27
701.99
595.0
53.75
393.39
363.81
460.77
489.36
389.77
652.56
314.04
797.83
714.43
745.81
227.54
859.51
839.36
307.73
852.42
390.16
433.74
306.25
222.09
761.5
120.26
532.53
697.85
537.16
10.43
145.25
195.21
157.37
548.58
483.41
399.14
546.69
430.8
853.88
392.5
18.77
513.58
494.33
395.58
121.75
855.65
117.06
908.78
41.7
302.25
163.07
954.98
628.05
840.98
294.5
439.32
6.57
352.4
228.24
177.33
311.68
85.51
478.31
814.65
462.43
809.71
979.33
927.82
164.84
353.17
177.78
925.93
8.78
136.55
55.0
237.6
366.09
692.2
457.19
199.26
25.68
847.55
177.77
890.43
169.93
640.62
736.7
116.14
875.0
148.27
111.39
830.85
836.02
807.31
391.71
982.13
256.8
958.82
946.77
277.2
156.68
969.94
851.65
136.01
878.21
525.94
69.04
415.59
516.88
625.79
235.88
866.32
556.92
240.29
457.87
229.46
670.2
185.4
581.25
143.85
567.67
499.34
675.01
390.41
261.28
728.08
66.07
54.98
308.7
147.04
373.01
36.27
165.03
877.92
487.43
503.14
341.4
412.35
403.8
362.9
135.46
41.98
702.72
503.11
297.18
48.91
277.73
200.95
769.38
832.76
73.43
192.57
880.35
888.76
152.75
94.14
15.35
23.06
110.63
44.61
916.8
66.86
742.68
673.03
475.5
894.66
35.7
953.23
319.06
209.72
477.03
794.02
807.19
490.66
623.23
658.95
175.1
347.93
431.93
334.41
611.47
206.5
722.75
393.68
760.15
606.65
337.26
712.13
592.97
801.95
927.59
660.85
939.83
293.57
451.12
668.59
491.86
717.43
184.62
603.46
917.59
237.52
400.49
473.16
367.66
538.1
704.37
86.56
835.49
168.38
456.35
589.97
888.32
702.87
329.38
508.99
633.25
565.64
37.89
262.18
359.51
525.14
648.04
236.92
475.83
529.14
968.63
187.88
461.84
979.46
341.62
480.02
385.08
366.23
794.74
499.57
551.01
739.27
628.39
626.88
949.74
422.17
902.36
450.09
851.18
250.48
765.39
402.58
705.37
201.78
867.59
397.51
503.07
253.22
732.71
993.26
474.35
801.8
511.41
326.19
202.69
582.32
642.73
727.06
652.55
635.52
627.68
602.94
984.25
215.57
835.32
611.31
145.97
584.98
721.82
949.67
518.29
143.61
552.19
389.88
29.31
82.47
371.37
183.63
87.45
846.49
939.35
181.45
144.14
511.43
275.56
777.66
670.94
118.09
508.35
739.28
575.83
191.39
908.72
242.45
709.24
844.8
763.55
956.64
219.67
275.29
296.41
387.09
786.05
530.14
283.82
851.97
877.84
727.9
788.9
922.63
674.99
25.4
656.47
317.79
83.01
35.39
275.02
115.22
292.38
356.31
493.42
40.07
338.13
496.68
131.59
212.99
327.27
934.39
538.18
703.48
95.99
296.74
581.59
490.68
777.59
223.5
720.44
114.44
140.21
748.97
339.57
479.46
475.22
992.76
730.41
285.77
302.75
341.98
195.39
682.66
934.5
880.57
256.86
913.13
644.26
316.85
952.54
734.36
114.59
205.21
860.1
178.78
838.01
107.45
507.22
929.47
157.09
809.99
881.6
954.21
221.47
305.28
477.06
93.13
688.76
760.0
365.06
401.61
429.24
522.92
654.47
1.5
835.48
286.55
530.73
293.13
561.18
651.93
992.23
170.01
630.24
301.17
27.32
828.99
680.31
505.14
708.89
461.09
521.78
632.7
811.6
447.64
333.04
866.69
343.96
481.84
93.15
234.5
83.12
651.36
30.59
191.6
757.11
551.24
294.98
251.92
641.95
490.78
868.02
899.88
37.01
320.71
138.15
672.49
543.86
796.0
194.21
176.28
189.21
771.93
845.54
976.14
805.84
313.89
830.42
236.01
831.94
968.5
441.93
131.87
575.94
832.3
372.2
171.08
6.03
793.83
581.87
493.89
553.05
825.51
714.2
581.54
25.02
324.86
852.86
743.86
762.49
537.23
90.36
413.63
437.98
577.12
218.86
232.77
269.8
642.33
475.67
360.57
486.34
296.72
568.54
123.05
58.79
250.61
525.3
207.7
85.12
768.72
557.57
364.35
339.47
475.84
614.08
399.82
854.74
641.85
505.64
629.62
173.75
352.37
811.41
638.25
544.16
210.39
201.43
865.74
798.06
451.72
69.13
720.98
640.97
522.95
315.55
458.33
706.2
509.24
630.09
109.03
959.59
788.96
583.18
167.32
413.38
316.76
844.56
677.8
3.07
646.97
240.48
870.57
480.66
969.24
108.87
402.91
505.39
219.35
98.46
494.78
805.86
355.36
144.22
572.66
814.59
358.45
291.8
872.98
393.7
839.76
246.96
210.12
812.67
409.83
862.81
306.26
345.03
203.33
269.04
889.25
746.09
823.8
907.58
839.87
587.33
136.96
258.31
399.63
31.39
78.88
824.47
251.51
857.54
594.85
78.12
945.47
838.76
702.97
119.12
789.53
439.63
182.03
760.82
596.52
827.25
605.53
749.44
533.07
409.7
550.8
210.83
476.7
595.61
188.89
963.56
832.38
891.73
231.59
232.91
27.44
499.67
295.59
618.31
396.32
912.8
488.9
35.7
984.66
894.99
56.42
714.72
553.67
634.66
936.82
434.96
6.29
349.95
243.26
307.67
317.63
128.82
522.91
770.02
794.23
381.22
637.95
158.28
762.06
126.44
995.52
143.4
192.32
136.12
507.82
586.52
601.36
697.4
367.19
370.46
694.97
50.76
918.09
568.62
329.05
503.74
775.59
305.27
603.89
414.95
129.47
625.59
302.94
487.24
202.17
561.39
323.72
913.91
982.11
278.03
193.1
54.83
614.66
286.83
391.52
47.1
767.52
70.41
147.32
184.51
795.3
735.84
398.54
189.13
906.64
249.63
584.57
216.03
340.97
703.65
675.56
857.8
230.28
244.7
405.01
705.98
712.95
498.15
776.44
726.37
613.45
790.98
423.59
15.98
539.02
669.7
360.11
502.11
442.43
265.5
435.77
631.04
12.12
636.18
945.05
194.74
752.5
148.04
227.49
113.17
969.09
66.12
900.11
846.49
522.6
430.51
870.38
252.05
523.23
620.09
779.87
778.9
709.38
842.72
441.52
526.87
685.38
803.76
109.6
435.65
997.35
81.36
442.56
167.06
203.67
604.85
864.48
48.84
537.74
591.85
764.44
83.66
393.96
29.9
715.84
638.76
4.09
34.51
134.22
857.45
660.78
640.75
910.13
108.95
174.3
922.86
448.52
933.65
693.34
915.62
11.12
498.48
251.82
523.59
35.18
877.4
875.14
672.95
494.1
728.5
956.7
336.39
61.41
271.26
332.65
869.24
273.75
722.34
469.97
613.69
433.59
948.45
889.64
694.51
993.17
19.88
734.79
707.72
616.7
545.95
825.85
301.71
225.24
810.05
403.09
351.94
988.23
841.22
265.96
52.5
258.42
253.03
450.35
977.78
148.35
789.82
145.93
394.75
71.65
535.85
867.87
872.88
250.99
134.35
881.25
878.07
317.09
595.87
787.1
458.85
463.36
705.77
959.42
